0,2
215,0
176,538
1,13
1,0
1,0
1,0
1,0
2,0
1,0
1,0
1,0
14,0
25,0
31,0
12,0
14,0
1,9
1,0
1,0
1,0
3,0
42,0
4,0
4,0
7,0
72,0
3,19
6,0
2,0
21,0
14,0
7,0
13,0
8,0
5,5
9,9
58,0
1,0
1,0
19,17
44,24
6,0
4,0
17,0
45,0
12,12
0,8
1,0
1,0
8,0
33,19
14,0
11,9
13,8
19,0
0,15
1,0
2,0
1,0
5,0
1,0
1,0
1,0
1,5
23,0
56,0
7,13
2,0
49,57
3,0
36,0
18,0
11,0
15,0
0,7
1,0
1,0
6,0
224,0
44,0
14,0
0,15
1,0
1,0
1,0
21,18
48,0
11,0
24,0
14,20
13,10
2,19
7,0
9,31
4,17
6,0
5,0
0,6
1,0
1,0
1,0
3,0
11,0
3,7
1,0
11,0
6,0
8,0
6,0
5,0
45,0
0,15
1,0
1,0
1,0
58,0
17,0
5,0
120,0
40,0
142,0
8,10
4,0
3,0
5,0
137,0
214,0
1,24
1,0
1,0
1,14
47,22
55,0
8,0
7,12
6,25
8,18
3,0
4,15
4,0
2,0
38,12
5,0
4,0
58,0
11,2
5,0
14,17
14,0
12,0
0,6
1,0
1,0
1,7
48,314
5,0
108,0
15,9
15,0
6,0
11,0
8,0
3,0
26,0
227,0
73,0
1,0
12,11
7,13
11,0
5,12
2,14
4,21
3,0
2,0
25,0
34,13
12,0
21,0
30,42
17,16
16,43
11,0
33,12
18,0
16,13
22,0
6,17
3,0
3,12
3,0
3,0
0,8
77,8
15,0
12,25
62,13
31,6
3,0
2,0
1,13
1,0
29,0
13,0
19,0
3,0
3,0
15,0
52,92
3,0
3,4
3,14
3,0
1,10
21,0
2,54
5,0
8,21
18,20
29,21
10,0
16,0
10,21
3,0
2,17
21,0
51,0
9,0
47,9
4,17
8,0
47,0
3,0
6,0
23,15
1,15
11,0
8,0
51,0
0,11
16,13
33,7
9,11
3,0
12,0
9,21
2,0
16,12
2,0
5,7
3,9
0,30
1,0
1,0
1,0
1,0
2,0
13,0
6,0
3,0
45,0
20,42
6,0
2,21
19,9
3,15
8,0
7,0
3,0
7,18
30,0
7,0
7,0
7,0
6,0
5,0
4,14
0,15
15,0
32,23
12,18
8,0
15,0
3,24
19,13
11,0
2,0
8,19
11,7
37,617
19,0
25,14
5,0
18,52
16,3
16,17
9,12
1,18
40,15
0,21
1,0
1,0
2,0
2,0
1,0
1,0
3,0
31,0
25,10
41,19
29,16
28,0
27,0
15,20
53,51
6,0
32,25
13,0
1,21
2,0
0,29
1,0
1,0
1,0
1,0
38,21
28,6
3,0
17,0
55,0
2,31
3,0
2,14
12,18
8,8
3,26
3,0
13,0
11,18
2,0
19,0
17,0
119,192
5,20
3,21
2,0
2,0
0,23
7,0
13,0
4,0
14,0
4,0
2,0
4,25
3,0
1,0
4,0
26,0
2,0
35,0
16,0
14,0
3,0
14,0
3,0
80,95
32,0
18,0
1,5
7,0
10,0
3,18
4,9
2,39
1,0
1,0
3,11
1,0
33,13
48,0
48,25
19,41
24,0
8,0
18,0
15,0
2,0
2,0
14,22
9,6
4,0
8,0
17,0
5,0
12,0
17,0
3,0
63,12
5,0
6,0
5,28
4,0
45,92
25,14
2,0
3,0
4,0
1,4
3,0
0,13
1,0
33,0
43,15
32,0
12,0
2,0
14,0
14,0
31,0
10,0
3,0
0,18
1,0
3,0
1,0
1,0
1,0
1,0
12,17
5,0
12,9
20,0
7,16
3,14
8,0
2,0
14,0
5,0
0,8
19,0
4,0
17,0
8,0
2,0
2,0
3,0
0,3
24,0
0,16
1,0
14,0
8,12
10,0
8,22
6,17
9,0
5,15
8,0
9,0
3,0
0,2
3,0
0,11
1,0
1,0
1,0
1,0
1,0
23,0
6,68
16,0
6,0
2,12
2,0
1,24
1,0
1,0
6,0
11,0
22,0
6,8
18,15
15,0
9,0
23,9
5,0
6,6
8,13
3,18
2,0
2,0
2,0
1,11
2,0
5,0
0,1
8,7
0,6
1,0
16,0
11,8
7,0
6,19
0,2
1,0
12,0
0,7
1,10
1,0
1,0
1,0
27,0
15,8
1,0
1,0
4,0
2,13
2,0
3,0
3,19
3,0
0,6
1,0
30,0
1,31
2,0
11,0
0,14
1,0
1,0
1,0
1,0
1,0
1,0
1,0
4,0
2,0
2,25
2,0
0,2
20,0
57,0
4,0
2,0
13,15
11,11
44,19
24,12
15,0
25,14
6,0
13,0
29,0
5,0
12,0
36,0
9,0
0,7
1,0
3,0
2,0
21,0
0,65
1,0
1,0
1,0
3,0
2,0
1,0
1,0
1,0
5,0
1,0
1,0
25,0
142,0
84,0
46,8
7,30
18,20
17,21
57,0
12,0
7,20
7,22
30,21
6,23
4,0
135,297
13,0
33,14
8,0
13,25
4,0
11,13
3,0
12,11
18,17
22,0
2,0
8,14
10,17
1,8
16,28
5,7
18,0
6,0
55,27
10,0
6,0
4,0
5,0
8,14
3,0
7,17
6,23
1,10
62,0
1,10
5,6
4,0
9,13
3,0
4,0
2,0
4,26
0,1
3,0
5,12
1,0
8,7
5,0
10,0
5,0
11,0
3,0
26,0
5,0
0,1
0,14
1,0
1,0
1,0
1,0
40,0
41,0
13,0
9,0
22,6
71,52
7,0
5,11
3,0
0,3
4,0
1,0
3,0
1,1
1,0
0,1
2,6
16,0
2,7
29,0
9,0
24,0
56,0
17,10
6,13
0,48
1,0
1,0
1,0
1,0
1,0
1,0
1,0
1,0
1,0
1,0
1,0
1,0
4,0
1,0
1,0
44,0
3,0
4,113
12,31
8,12
2,0
3,0
5,13
5,0
11,0
2,0
10,0
8,0
2,0
6,0
2,0
8,0
6,0
7,0
3,0
2,0
2,0
4,0
2,0
2,0
3,0
0,16
1,0
1,0
1,0
1,0
23,0
5,17
2,0
3,0
3,0
3,0
1,7
6,0
2,0
3,11
1,0
1,0
1,0
1,0
1,0
1,0
1,0
1,0
33,0
21,0
2,0
0,22
1,0
1,0
1,0
1,0
9,0
6,0
7,0
7,0
4,0
6,0
12,0
3,11
4,8
5,23
6,0
3,8
59,0
19,0
1,11
0,6
1,0
1,0
2,0
2,0
0,11
1,0
1,0
1,0
2,0
2,0
2,0
17,0
7,0
4,0
2,0
20,0
0,2
3,28
3,0
1,16
8,0
3,0
11,0
6,13
1,0
14,0
42,0
19,0
8,8
4,0
1,0
2,0
22,0
15,0
5,0
1,0
4,0
5,0
1,0
2,0
4,0
13,0
9,0
0,7
1,0
1,0
16,0
12,9
12,15
12,23
0,35
1,0
1,0
1,25
1,0
1,0
1,0
1,0
1,17
1,0
1,0
1,16
6,0
11,0
40,1
22,8
20,13
8,0
10,14
1,26
17,20
2,0
4,8
4,27
9,19
14,24
31,26
1,16
1,3
4,24
4,0
3,0
3,0
1,0
36,0
37,13
5,19
12,19
5,0
20,0
30,0
5,11
21,0
12,27
12,19
9,0
5,0
3,0
3,0
1,22
4,16
2,0
9,0
26,0
16,0
8,0
9,54
22,0
4,0
24,0
42,0
2,0
1,0
1,0
6,0
15,0
6,0
4,0
2,0
2,0
2,0
47,24
4,28
10,21
8,26
30,8
18,10
25,25
4,10
5,0
6,12
5,0
2,19
1,13
40,11
11,11
12,12
65,0
10,0
20,0
14,0
7,11
81,5
15,18
3,12
0,6
1,0
1,0
1,0
1,0
67,0
3,0
1,14
1,0
17,0
12,8
17,0
7,15
4,9
174,0
13,0
0,12
2,0
1,0
21,0
2,0
17,0
5,22
14,0
5,16
10,7
4,0
3,0
1,8
1,0
1,0
25,1
10,0
12,0
6,0
8,0
0,9
3,0
4,0
40,0
30,0
3,0
6,0
182,0
0,1
1,0
1,7
1,0
1,0
1,0
3,0
2,0
16,7
15,0
5,0
7,0
38,19
20,0
12,0
8,0
10,28
1,8
29,0
7,8
2,0
0,1
5,14
1,20
9,0
7,0
5,6
6,0
10,27
49,0
5,0
3,0
4,0
10,17
7,20
5,12
1,5
11,49
4,0
5,6
0,17
1,0
1,0
1,0
1,0
1,0
1,0
24,0
11,5
11,14
2,0
2,0
7,0
2,21
0,5
6,0
6,0
4,0
2,0
3,0
5,16
40,0
32,0
15,7
57,0
40,0
56,0
8,8
11,0
11,0
23,0
34,23
7,0
56,0
24,8
35,0
36,0
0,7
1,0
1,0
1,0
1,0
3,0
4,0
11,0
0,15
40,0
51,5
69,30
42,0
13,22
21,0
11,0
8,0
4,0
6,0
2,9
0,27
1,0
1,0
1,0
5,0
41,6
26,0
18,14
4,8
2,24
12,0
21,23
28,19
3,0
2,0
25,10
12,23
6,23
3,0
6,9
22,4
6,0
3,5
8,0
5,0
3,0
15,0
10,0
9,0
3,25
5,11
0,11
1,0
1,0
3,25
1,0
2,9
2,0
2,17
1,0
1,0
3,19
2,14
5,0
1,12
24,10
17,0
14,0
24,0
19,0
6,0
18,27
7,68
15,8
3,38
8,20
3,0
7,0
1,0
1,0
1,0
1,0
15,0
21,49
9,0
3,34
12,13
7,14
4,0
0,29
5,0
5,0
5,0
2,0
1,0
3,0
1,0
1,0
1,0
8,21
8,0
49,0
24,0
9,0
9,0
43,0
7,0
6,0
16,0
5,30
4,0
5,0
4,0
33,0
10,0
0,20
4,0
22,0
6,0
10,0
8,19
4,0
12,0
5,0
8,4
2,12
1,13
0,4
1,0
0,15
5,0
11,0
6,17
4,19
2,9
3,0
33,0
0,11
2,0
1,0
8,0
3,0
13,20
18,0
7,0
1,7
4,23
10,0
73,0
48,0
47,0
32,10
24,0
49,0
14,0
3,45
16,0
26,0
23,0
7,7
16,0
9,12
6,11
13,0
7,6
26,0
11,0
6,8
9,12
2,5
4,0
1,0
7,0
2,0
8,0
1,16
13,0
2,0
6,4
2,0
6,0
13,13
3,29
0,10
1,0
4,0
95,10
5,0
33,0
4,0
3,14
2,18
1,0
1,0
1,0
2,0
1,0
2,0
1,0
1,0
11,60
4,0
4,0
5,0
3,0
2,0
3,7
0,14
1,0
1,0
1,0
1,0
2,0
1,9
3,0
4,0
1,4
2,0
1,20
1,0
1,11
2,18
1,0
1,0
1,0
10,14
19,0
8,12
11,10
4,0
5,0
2,8
1,0
1,0
1,0
1,0
1,0
1,0
2,0
2,0
87,0
65,0
37,28
89,0
38,15
10,0
6,8
3,0
3,0
11,14
6,0
0,16
4,17
1,0
1,0
1,0
1,0
1,0
3,0
32,0
2,10
24,18
14,25
24,0
2,0
1,10
2,0
1,0
64,0
60,0
8,0
10,20
13,13
8,0
9,0
18,12
0,11
8,0
6,0
15,29
9,0
6,12
9,0
2,0
4,0
2,5
1,0
1,0
1,0
5,0
0,3
2,0
1,0
1,0
1,8
1,14
15,0
6,0
3,14
1,0
1,0
1,0
1,0
1,0
1,0
62,0
3,21
9,4
0,15
1,0
6,19
36,7
74,0
19,0
18,11
3,0
9,0
48,14
15,0
0,2
1,0
1,23
4,0
1,0
40,22
4,0
9,0
3,0
2,13
2,0
0,24
2,0
1,0
2,0
1,0
2,0
1,0
1,0
1,0
2,0
1,0
1,0
3,0
4,0
28,0
25,10
4,7
9,0
11,22
7,0
7,0
3,0
4,14
6,0
1,0
2,0
11,0
13,0
9,0
26,0
1,4
25,0
116,0
0,2
0,3
8,18
0,16
1,0
1,0
1,0
19,0
4,0
4,0
5,0
13,0
20,0
3,7
5,12
2,0
15,5
6,0
2,0
0,1
1,0
2,7
19,0
11,0
35,23
9,0
1,8
2,0
8,29
3,18
4,0
5,0
4,0
1,10
1,0
5,9
7,0
21,12
12,0
4,0
90,0
0,17
1,0
1,0
1,0
1,0
1,0
7,0
6,0
5,0
2,0
5,0
2,6
4,8
0,12
2,0
1,0
12,0
8,0
14,7
5,14
9,0
5,0
5,0
59,0
1,6
18,14
1,5
0,2
0,23
5,0
1,0
1,0
1,0
1,0
1,0
3,10
5,0
6,18
1,22
15,0
4,0
4,0
19,0
1,13
17,0
4,27
5,0
3,25
3,0
31,0
0,9
6,0
2,0
7,0
16,0
4,0
0,21
3,0
7,13
10,16
5,43
1,43
2,0
2,0
3,18
5,15
16,0
3,7
3,6
7,18
1,26
0,16
1,0
1,0
1,3
1,0
12,0
4,26
5,25
8,17
7,0
2,0
4,0
6,0
4,0
2,0
4,17
1,0
4,0
0,16
1,0
1,25
19,12
9,10
7,23
3,0
22,15
7,0
7,15
18,11
1,0
1,0
1,0
1,0
5,0
8,0
3,0
7,0
2,0
3,0
6,40
6,0
6,0
4,0
2,0
3,17
26,0
1,18
6,0
5,0
9,0
2,0
0,10
9,0
3,0
2,0
2,0
2,0
2,16
2,0
1,0
1,0
1,0
14,0
11,0
7,17
2,0
10,0
0,9
3,0
4,0
4,0
2,0
2,0
0,23
131,0
5,0
69,0
51,0
8,0
35,42
9,0
49,11
9,0
112,0
10,0
0,22
2,0
5,19
10,0
3,0
18,0
31,0
3,0
4,0
7,0
4,0
3,0
5,12
5,0
2,0
0,18
1,0
1,0
1,0
5,9
11,0
11,0
11,18
9,0
14,11
11,0
3,0
5,0
5,19
17,10
0,14
1,0
8,72
3,0
5,17
14,20
16,0
5,21
3,0
8,23
2,0
4,16
4,0
6,0
2,3
0,21
1,0
3,0
3,0
2,0
3,0
5,0
2,0
1,0
3,0
8,0
2,0
3,0
13,0
5,0
3,0
15,0
15,0
14,0
0,3
2,0
1,0
0,6
13,22
24,0
3,11
3,0
0,9
7,152
12,23
7,0
2,16
1,25
7,0
0,12
1,0
20,0
20,6
8,19
5,8
1,8
13,0
41,11
20,17
15,16
25,4
6,0
19,14
4,5
4,0
19,5
4,10
8,0
1,7
6,8
2,0
0,7
1,0
1,0
1,0
2,8
3,0
6,0
2,0
0,15
1,0
24,7
4,0
10,0
21,19
10,0
6,0
7,0
1,23
4,0
1,12
1,11
27,0
29,5
12,0
10,0
23,0
8,0
9,10
4,24
5,25
2,15
2,0
2,0
1,0
2,0
1,0
4,0
14,0
14,0
4,0
7,0
4,16
0,27
1,0
1,0
1,0
1,0
1,0
7,17
3,0
3,17
3,0
2,26
0,21
1,0
1,0
1,0
10,0
8,0
9,0
11,0
8,0
17,0
2,0
3,0
0,24
3,0
1,0
1,0
1,0
1,0
1,0
27,0
22,0
21,55
13,22
10,0
5,0
2,17
5,9
3,0
2,0
0,5
6,0
0,14
38,44
4,0
13,26
6,0
10,0
3,0
3,0
3,0
2,0
2,0
0,2
3,0
1,0
0,9
3,0
1,0
1,0
1,0
1,0
1,0
1,0
1,0
3,0
0,16
2,0
1,0
2,0
1,0
1,0
1,0
2,0
4,0
24,0
13,0
5,15
3,0
0,1
0,3
1,0
2,3
10,25
18,0
85,30
0,21
1,0
1,0
1,0
1,0
1,0
1,0
1,0
1,0
1,0
5,8
4,0
0,11
9,0
6,0
5,0
6,0
2,0
0,8
1,0
33,0
18,0
9,0
3,0
1,31
1,0
1,0
53,0
22,0
45,16
7,0
9,0
17,0
11,64
5,8
11,0
4,0
4,0
9,0
15,0
2,0
3,0
7,8
5,0
12,15
2,0
7,18
2,6
5,0
2,0
2,0
0,24
1,0
1,0
23,0
24,23
17,18
43,6
6,8
14,0
2,43
8,0
9,0
8,12
3,5
6,2
2,0
47,7
4,12
0,5
1,0
1,0
1,0
1,0
2,0
0,20
1,0
1,0
1,0
1,0
34,7
18,0
3,0
8,20
15,0
26,0
2,12
14,0
4,0
3,0
5,0
1,20
1,0
1,21
1,0
1,0
1,0
53,201
9,17
10,0
7,0
5,3
8,15
10,0
17,14
21,17
2,17
4,0
2,0
1,0
1,0
2,0
1,0
1,0
19,0
20,0
20,0
12,0
19,8
60,0
4,0
3,24
0,9
1,0
5,14
6,0
11,0
8,0
25,0
0,2
1,0
2,0
0,4
1,0
1,0
0,20
1,0
1,0
20,0
11,0
13,0
2,0
12,0
11,0
2,0
2,0
3,0
0,5
2,0
2,0
1,0
7,0
3,0
0,16
3,0
21,0
6,11
1,5
1,0
6,18
3,0
0,14
10,0
13,9
2,14
9,11
13,13
7,0
0,16
1,0
1,0
1,0
6,13
10,0
11,0
6,10
3,0
11,0
2,0
20,0
2,16
0,15
9,0
11,0
24,15
11,0
11,11
4,0
5,0
2,0
1,5
3,0
4,0
4,0
7,0
0,26
1,0
1,0
1,0
1,0
1,0
1,0
1,0
1,0
1,0
2,0
2,32
1,0
3,0
3,0
2,0
10,0
6,0
6,0
2,0
1,0
1,0
2,0
15,42
1,0
2,0
1,0
2,0
2,0
1,0
1,0
1,0
1,0
1,0
1,0
73,0
47,0
36,0
6,0
7,0
2,0
0,6
7,10
3,29
4,5
3,0
3,0
2,0
1,0
2,30
1,0
20,0
5,0
10,24
4,0
11,0
8,0
3,17
14,0
9,0
5,31
3,13
5,22
11,13
11,18
9,11
32,0
17,0
10,32
15,0
10,0
10,0
11,0
7,0
4,0
2,0
2,0
1,0
1,0
93,17
17,0
21,0
6,19
17,0
14,3
10,26
18,23
9,2
16,6
12,11
6,22
0,13
5,0
5,0
14,0
5,0
3,12
2,0
14,26
1,10
2,0
1,11
2,0
2,0
13,3
8,0
2,0
3,0
3,0
2,11
5,0
3,0
3,14
33,0
4,0
6,0
5,12
23,0
25,21
11,25
7,0
2,13
5,26
4,0
1,8
1,0
1,0
4,0
3,0
16,12
5,9
0,14
4,0
2,0
7,5
1,0
16,0
2,0
9,16
6,0
5,0
7,0
0,15
2,0
3,0
3,0
4,0
9,19
2,20
13,20
1,21
2,0
1,0
3,0
1,0
2,0
1,0
1,0
2,0
7,0
2,0
5,0
5,13
7,13
0,21
3,0
1,33
1,0
2,12
1,0
5,0
2,0
1,0
11,14
4,0
3,22
6,0
1,0
2,0
1,0
1,0
1,0
1,0
1,0
1,0
1,0
1,9
1,0
5,0
6,0
6,25
10,0
8,0
5,0
10,14
4,0
3,19
0,15
2,0
1,0
11,0
18,18
9,0
12,0
10,0
3,15
3,0
4,0
1,14
1,11
5,20
2,0
4,0
8,0
91,11
1,6
2,0
21,10
1,16
2,0
3,0
11,0
5,0
14,14
8,15
6,0
2,0
3,5
10,0
5,0
15,0
10,0
3,4
9,0
13,29
1,0
1,5
7,0
3,0
0,10
11,0
44,0
9,0
8,18
20,0
17,0
5,0
0,33
2,0
1,13
1,0
1,0
1,0
4,0
4,0
4,20
5,0
2,0
6,0
9,0
4,2
4,21
2,0
2,0
4,23
6,0
9,0
5,0
0,12
14,8
25,0
10,0
3,0
2,24
2,0
22,0
23,0
36,7
11,0
9,0
6,14
13,16
5,21
6,0
3,0
9,0
6,22
3,0
0,17
2,0
17,13
13,18
7,27
13,0
7,0
8,18
6,0
1,23
1,0
53,0
20,0
7,0
11,0
15,0
22,0
7,0
10,0
11,0
15,13
9,0
21,0
9,0
5,0
0,57
3,0
2,0
4,0
2,0
2,0
1,0
5,46
2,24
1,39
8,15
6,12
16,16
9,0
4,9
9,34
15,2
5,0
9,0
5,0
8,0
4,16
8,0
2,0
4,0
8,0
2,0
7,23
5,17
4,0
6,0
27,12
7,0
24,10
15,23
16,23
25,20
16,15
5,22
18,20
5,0
8,16
3,6
5,0
8,19
1,0
1,0
1,0
1,0
1,0
1,0
15,12
23,0
10,0
3,0
5,32
7,25
3,0
60,0
2,0
1,0
1,0
1,0
1,0
1,0
1,0
3,0
10,23
8,8
5,0
9,0
7,0
6,0
3,0
3,0
15,0
2,0
64,123
2,29
3,12
2,0
0,12
24,0
16,22
14,0
4,0
4,10
4,9
3,0
4,0
2,0
1,0
1,0
1,0
1,0
1,16
16,0
11,0
16,0
15,0
3,6
9,0
1,0
8,0
11,13
6,0
18,22
2,9
3,0
3,15
1,0
1,0
4,0
36,0
20,0
7,0
8,0
4,0
13,0
3,0
0,22
2,0
1,0
4,0
1,0
3,13
2,24
26,0
13,11
24,11
6,0
4,0
4,0
9,0
4,0
1,18
1,0
1,0
2,0
1,0
1,0
1,0
9,37
4,0
5,0
5,0
2,25
4,0
20,0
7,0
2,0
6,0
8,23
13,99
2,0
1,7
2,0
4,31
2,0
6,0
26,0
3,0
1,11
1,0
6,0
13,0
4,0
6,0
3,0
3,16
0,8
1,0
1,0
1,0
1,0
1,0
1,0
1,0
0,20
4,0
1,11
12,0
7,24
7,7
5,0
7,0
5,0
2,13
0,13
8,0
29,17
5,0
4,21
2,9
2,16
9,0
4,13
0,20
1,0
1,0
2,0
2,0
3,18
3,0
3,0
4,0
2,0
8,0
1,4
3,20
2,0
6,18
11,0
17,0
7,0
3,0
4,0
3,0
3,16
0,16
1,0
1,17
2,0
1,0
1,0
3,0
2,0
3,0
4,3
7,0
2,0
1,0
11,0
6,0
5,21
3,10
1,14
7,0
7,0
16,0
4,18
7,0
2,0
5,12
0,3
1,0
1,0
2,0
1,10
6,0
15,15
16,44
15,0
1,9
1,0
1,0
3,0
2,0
2,0
7,0
2,26
3,20
1,0
1,0
2,35
1,0
4,0
1,0
1,11
1,0
11,0
3,0
4,0
11,0
12,0
11,0
20,19
11,0
6,0
28,0
12,17
20,15
2,0
15,23
22,0
15,6
2,0
23,0
5,0
1,0
1,0
3,0
3,0
4,0
1,0
1,0
1,0
1,0
1,0
1,0
5,0
7,0
27,0
3,0
2,0
4,0
2,0
2,0
1,0
1,0
8,12
5,11
8,9
10,20
0,13
1,0
1,0
1,0
1,0
15,0
3,10
10,0
10,0
7,11
2,9
3,0
4,18
5,6
1,0
7,0
21,0
14,0
46,0
30,0
5,0
13,10
8,1
3,0
4,15
7,16
12,8
15,0
11,0
11,0
1,23
49,0
6,0
1,13
15,17
5,0
7,23
3,14
11,0
2,0
0,17
8,0
7,0
6,0
4,0
0,6
0,10
1,0
1,0
4,0
5,0
2,0
18,0
8,0
0,8
1,0
1,0
0,30
9,0
7,0
6,16
6,5
5,0
7,24
12,9
21,21
5,0
3,0
2,21
3,0
9,11
0,23
1,0
1,0
1,0
1,0
1,0
2,0
2,0
2,0
1,0
2,0
3,0
18,0
11,0
2,0
3,0
13,0
6,7
7,0
0,17
1,0
1,0
1,0
1,0
1,0
1,0
1,0
1,0
1,0
1,0
1,0
3,0
2,0
2,0
7,0
2,0
1,12
4,0
3,0
3,0
19,0
3,0
0,8
8,0
36,0
3,0
0,7
1,0
5,0
3,0
0,28
1,0
1,0
1,0
1,0
1,0
1,0
1,0
1,0
13,0
3,0
4,0
3,0
3,0
4,0
15,0
5,0
3,0
5,0
1,51
26,0
15,19
10,0
17,6
1,9
1,0
1,0
0,17
3,9
1,0
1,0
4,0
6,0
3,0
10,0
3,0
5,0
10,27
15,4
13,15
12,24
20,31
18,32
12,0
23,14
4,0
4,9
2,64
1,0
1,0
1,0
1,0
1,0
1,0
1,0
1,0
3,0
1,0
1,0
1,0
1,0
1,0
1,0
1,0
1,0
1,0
6,0
9,0
11,0
2,0
3,0
3,0
3,0
16,12
14,13
8,0
10,0
2,0
2,0
4,0
10,18
5,10
5,0
7,0
2,0
2,0
1,0
6,0
13,7
6,0
3,0
1,0
1,16
3,10
2,0
2,0
5,0
6,0
3,0
8,6
7,0
0,2
0,18
2,0
1,0
1,0
1,0
1,0
10,0
5,10
9,6
28,22
13,19
2,14
5,0
2,26
5,0
1,0
1,0
6,0
13,0
0,6
1,0
7,0
4,5
1,9
11,0
1,0
0,8
1,0
1,0
1,0
8,0
3,8
0,18
17,13
30,3
13,0
28,20
3,13
4,0
4,13
4,0
2,0
1,10
2,0
1,0
1,0
0,7
1,0
1,0
5,0
0,3
12,17
7,0
1,0
2,7
2,0
1,42
5,0
2,0
2,0
1,0
2,0
1,0
3,12
9,0
9,5
12,12
7,22
4,13
9,0
5,0
5,0
5,0
5,0
8,0
11,0
6,0
6,0
2,20
5,0
8,0
8,0
10,0
6,0
6,0
1,20
2,0
1,33
9,16
5,31
11,0
13,0
31,0
8,33
6,11
7,0
7,0
2,10
1,0
3,0
0,1
1,0
0,13
1,0
1,0
1,0
1,0
5,0
2,0
3,0
3,0
2,0
3,0
3,0
1,14
1,0
3,11
28,0
12,0
10,0
17,0
7,19
24,14
34,19
0,9
2,0
1,0
6,0
1,10
2,0
2,15
1,0
9,0
2,0
3,0
3,0
11,0
1,9
2,0
6,0
0,19
1,0
1,0
1,0
2,0
4,0
4,0
2,0
0,5
8,0
0,12
1,0
1,0
5,0
3,34
2,11
2,0
4,0
1,12
8,6
20,27
0,3
2,0
5,0
8,0
6,0
0,11
1,0
1,0
1,12
23,0
38,0
20,0
18,0
9,0
5,0
40,0
1,0
1,0
1,0
1,0
16,21
3,0
1,26
1,17
1,0
1,0
5,17
6,21
2,0
0,27
3,0
1,0
5,0
1,0
12,0
2,6
12,13
4,0
2,0
1,0
13,0
0,17
3,0
11,0
0,15
1,0
2,0
1,10
1,0
1,0
7,0
0,4
1,0
1,0
1,0
0,8
23,0
0,1
1,0
1,12
6,0
7,15
22,0
6,12
21,11
0,60
3,0
8,0
30,20
4,0
4,0
20,20
33,17
24,0
18,10
22,0
4,0
7,0
3,5
24,32
58,12
8,10
20,10
6,4
3,0
4,12
15,0
8,0
6,0
19,0
9,0
18,8
2,29
3,0
4,11
0,10
7,0
12,0
2,8
1,0
8,0
13,0
5,0
12,0
9,0
0,9
1,0
1,0
1,0
1,0
5,12
4,4
3,0
1,0
1,0
21,19
8,3
2,0
2,0
4,0
0,12
4,0
4,0
8,0
2,8
6,0
0,8
1,0
1,0
2,0
0,11
1,0
1,0
0,7
5,9
4,25
0,11
2,0
1,0
1,0
1,0
24,4
4,0
2,0
3,18
1,12
1,0
1,0
2,0
4,1
4,0
4,3
2,0
20,9
37,0
14,0
7,0
10,0
7,0
5,0
3,0
9,0
5,0
5,0
9,40
4,0
7,0
14,0
5,0
7,0
17,0
6,0
11,0
6,0
6,0
9,0
2,0
10,0
6,0
5,13
5,0
11,14
13,6
11,0
4,0
3,0
5,0
4,0
4,0
6,10
1,0
7,0
1,0
1,0
8,0
2,0
1,0
1,0
1,0
7,20
1,0
1,0
5,0
3,0
7,0
1,0
1,0
6,0
7,0
2,8
2,0
8,13
1,0
1,0
1,0
4,0
3,14
2,0
5,0
2,0
8,0
7,0
1,0
5,5
2,0
1,0
2,4
4,4
4,0
1,0
1,0
2,0
6,0
3,0
3,0
3,5
3,0
1,0
4,7
6,0
1,0
2,0
2,0
3,12
2,6
1,0
5,0
1,0
2,0
1,0
4,0
1,0
1,0
5,8
3,0
2,9
3,0
2,0
1,0
2,0
1,0
10,0
19,14
28,0
7,0
21,22
0,20
9,0
5,13
3,0
4,0
2,0
0,16
2,0
1,0
1,0
1,0
1,0
1,0
2,0
2,0
0,23
2,0
2,0
1,0
1,0
1,0
1,0
1,0
3,0
3,0
1,0
4,16
6,0
6,0
2,0
3,0
15,0
5,0
9,0
7,0
5,0
14,0
7,0
0,7
2,0
2,0
1,0
1,0
1,6
1,7
1,0
15,0
3,4
0,9
1,0
2,9
2,0
0,16
1,0
5,0
12,0
5,6
3,10
2,0
13,10
4,8
0,6
1,0
1,0
14,0
0,15
10,0
11,10
7,48
12,0
0,5
3,0
1,0
2,0
1,18
6,5
2,0
2,0
5,14
1,21
13,0
7,0
11,22
1,16
1,17
2,0
1,0
14,0
11,0
2,0
4,0
3,5
2,0
0,16
2,0
1,0
1,0
1,0
1,0
2,0
14,0
11,14
1,31
2,0
4,0
3,0
6,0
0,3
12,0
7,0
0,12
2,0
0,15
1,0
1,0
1,0
1,0
0,34
3,0
2,0
1,0
4,0
1,0
1,0
1,0
1,11
3,0
2,0
2,4
2,0
0,6
1,0
1,0
3,36
1,0
1,0
0,8
2,0
3,0
2,0
2,33
3,0
1,0
1,0
2,0
2,0
2,0
1,0
1,0
9,0
2,0
2,0
3,0
0,14
22,0
10,16
9,0
15,11
16,0
5,0
9,0
0,8
1,0
1,0
3,0
4,0
2,0
0,20
1,0
1,0
1,0
1,0
9,0
3,43
5,0
3,0
6,20
1,28
14,0
21,19
10,10
18,0
0,17
8,0
7,22
3,0
6,13
0,12
1,0
1,0
1,0
13,0
6,0
1,22
2,0
2,0
1,0
1,0
13,0
4,0
5,0
6,0
5,10
4,0
4,18
2,3
4,0
2,5
2,0
0,12
1,0
27,13
3,28
5,26
3,7
2,12
0,11
1,0
1,0
14,5
7,0
0,23
2,12
1,17
1,0
4,0
1,0
2,0
2,0
1,0
2,0
5,0
2,0
6,0
2,0
4,0
4,0
1,0
1,0
1,0
1,0
5,0
1,21
37,6
17,0
13,23
15,20
7,0
1,24
5,0
2,0
0,3
21,159
2,27
2,0
1,0
1,0
5,0
6,0
14,0
15,0
6,18
18,15
6,82
12,10
3,14
0,3
4,0
3,0
0,12
1,0
7,0
9,0
2,0
0,1
1,1
0,5
1,0
2,0
1,0
1,0
12,0
4,0
7,0
12,0
0,11
3,0
3,0
4,0
2,0
8,0
8,0
4,0
3,0
3,0
0,11
1,0
1,0
8,26
2,0
3,0
2,0
2,0
0,4
5,5
2,0
4,0
0,5
1,9
3,0
0,4
1,0
1,0
0,9
4,0
3,0
6,0
3,0
2,0
0,33
4,0
5,0
6,0
18,0
19,29
7,16
4,11
7,22
2,11
13,10
1,24
2,0
0,23
2,0
1,0
7,0
5,0
13,10
0,27
1,0
1,0
1,0
2,0
27,0
20,11
21,0
5,0
3,0
56,0
8,0
2,0
2,52
2,0
5,33
3,9
5,0
3,0
9,11
0,14
2,0
25,0
6,0
3,0
5,0
1,0
1,0
6,0
3,0
2,0
2,0
2,0
0,12
4,0
1,13
1,0
8,0
5,14
3,16
5,0
2,0
4,0
2,0
2,0
0,7
1,0
2,10
4,0
7,4
0,11
1,0
3,0
3,0
0,6
1,0
1,0
5,9
7,0
0,3
1,0
10,4
0,22
2,0
3,0
1,0
3,16
2,0
1,0
3,0
6,26
2,0
1,0
1,15
1,22
1,0
1,0
2,0
2,0
2,0
2,0
3,0
2,0
4,0
0,8
1,0
17,6
5,0
2,0
0,4
5,5
0,9
1,16
3,13
8,9
10,6
3,0
13,12
7,0
3,0
0,8
1,0
1,0
9,15
2,0
3,0
3,12
4,0
8,0
0,18
3,0
2,0
2,0
0,17
1,0
1,0
4,0
6,0
2,0
30,0
2,0
4,0
10,0
3,0
2,0
2,0
3,0
0,20
2,0
1,0
7,51
7,0
2,0
8,0
0,18
1,8
1,0
2,0
2,0
2,0
2,0
4,12
2,0
2,8
3,0
3,0
11,0
12,10
1,11
0,29
3,0
1,0
1,0
1,0
1,0
4,0
9,34
10,0
4,0
4,0
4,0
6,0
6,0
2,0
9,0
3,0
0,6
1,10
4,0
5,0
1,0
1,0
1,0
3,0
1,34
3,0
1,0
7,0
6,0
3,0
2,0
5,15
10,0
5,11
6,0
3,0
2,0
0,20
2,0
5,9
2,0
3,0
0,8
1,0
1,0
1,0
5,15
0,11
1,0
9,0
3,0
2,0
7,0
0,3
2,0
4,16
0,13
28,0
0,5
1,0
1,0
1,0
1,0
3,0
0,18
1,0
1,10
14,14
5,0
3,0
10,0
9,0
7,0
2,0
2,0
5,12
4,0
2,0
5,0
4,0
4,0
0,19
3,0
1,0
4,25
2,0
3,0
0,18
1,0
4,0
5,0
9,0
2,24
2,7
1,0
3,0
4,0
10,0
0,19
1,0
1,0
1,0
1,0
1,0
1,0
1,0
1,0
8,0
4,0
1,0
3,0
1,0
0,15
2,9
2,0
1,0
1,0
5,0
2,0
5,0
3,0
4,0
0,31
2,0
1,0
2,0
1,0
1,0
13,0
5,0
11,0
13,0
9,0
4,0
4,0
17,0
2,0
3,0
0,13
1,0
1,0
1,0
4,0
4,0
0,21
1,0
7,11
0,19
1,0
4,5
0,24
1,0
2,0
1,0
5,0
4,0
3,0
0,34
1,0
1,0
2,0
13,0
4,9
3,13
10,41
2,0
2,0
2,0
0,17
1,0
10,23
6,0
6,0
24,0
0,8
2,0
1,0
0,22
5,20
16,0
3,0
0,1
3,0
0,13
1,0
2,0
0,10
4,12
0,15
1,0
1,0
1,24
1,0
5,0
2,18
5,0
8,0
7,22
0,11
1,13
8,0
7,0
0,21
1,0
1,0
1,0
1,0
1,0
1,0
2,0
3,0
31,13
3,0
3,0
2,0
0,1
2,0
0,12
1,0
2,0
1,0
16,0
3,0
6,0
29,0
3,0
2,0
7,0
8,0
1,0
10,0
9,0
7,0
2,0
2,0
1,0
1,0
1,0
1,0
1,0
2,0
2,0
10,0
3,0
8,0
8,34
0,27
1,0
1,0
1,0
1,0
1,0
2,0
1,0
1,0
6,0
3,0
3,0
4,0
4,0
7,0
2,0
3,0
2,3
1,0
3,0
0,49
2,0
1,12
3,0
1,0
1,0
1,0
1,0
4,0
7,0
3,0
5,0
4,11
2,0
3,0
9,0
4,0
6,16
3,0
5,0
3,0
3,0
3,17
2,111
2,0
3,0
2,0
2,0
3,0
6,0
0,11
3,0
1,0
4,0
4,0
2,0
1,21
1,0
4,0
8,7
3,0
2,0
0,6
3,0
1,0
2,0
0,17
1,0
1,0
1,0
1,0
2,0
2,0
4,0
2,0
3,0
0,45
1,12
1,0
1,0
1,0
1,0
1,0
2,0
1,0
1,0
1,0
1,0
1,0
3,0
16,0
2,0
3,27
4,0
3,0
16,0
6,0
0,7
3,0
0,6
1,0
2,0
1,0
3,0
0,27
1,0
1,0
1,0
1,0
4,0
4,0
0,10
1,0
1,0
12,0
1,27
1,0
1,0
1,0
1,0
1,0
1,0
2,0
2,0
5,0
2,0
1,0
5,0
7,0
9,0
3,0
2,0
6,0
6,0
29,0
0,8
7,0
3,25
12,0
9,0
1,23
3,0
8,0
1,0
1,0
6,0
10,0
7,15
10,0
0,14
1,0
1,0
1,0
4,0
28,26
5,8
2,0
0,20
1,0
1,0
1,0
1,0
1,0
1,0
1,0
1,0
1,66
2,0
3,0
3,15
2,0
0,48
4,22
1,0
1,0
15,9
10,0
1,0
5,5
6,0
6,17
1,0
1,0
2,0
1,0
4,0
3,0
3,0
4,0
1,0
2,0
8,0
1,0
1,0
5,0
3,0
6,0
1,0
23,10
2,24
3,0
5,0
1,0
6,0
13,0
12,14
18,0
2,21
8,12
4,11
1,17
11,0
5,12
0,11
0,6
2,7
2,4
2,0
0,19
1,0
1,0
2,0
1,0
1,0
1,0
1,0
1,0
1,0
2,0
6,0
0,30
1,0
1,0
1,0
1,0
1,0
3,0
1,0
1,0
1,0
1,0
16,0
12,0
6,24
3,13
5,17
2,0
2,0
8,0
14,0
28,0
18,0
9,8
4,0
1,0
6,7
0,4
1,0
1,0
1,0
1,0
0,4
1,0
1,0
0,2
1,0
0,2
1,0
3,0
0,14
3,0
1,0
1,0
1,0
2,0
1,0
2,0
1,0
1,0
1,0
1,0
1,0
1,0
2,0
11,21
8,0
2,0
0,2
1,0
0,12
2,0
1,0
1,0
1,0
1,0
1,0
1,0
1,0
1,0
2,0
3,0
0,23
1,0
2,0
1,0
1,0
1,0
1,9
1,0
3,0
4,0
3,9
2,0
4,0
1,0
3,0
1,0
5,0
4,0
2,11
1,37
3,10
1,0
7,0
16,0
6,0
4,0
4,0
6,20
3,0
18,0
7,0
5,0
5,0
6,0
2,14
7,5
5,0
3,0
1,0
1,0
3,0
13,0
0,9
2,0
15,0
2,12
1,0
1,0
1,0
3,0
4,0
2,0
2,0
2,0
1,0
1,0
4,13
4,6
10,0
1,17
2,0
1,0
1,0
2,3
3,0
3,0
1,0
3,0
1,23
1,0
1,0
4,0
8,0
1,0
1,0
1,0
1,0
1,6
6,0
4,0
3,0
25,0
14,9
3,0
4,0
3,8
5,0
1,6
0,19
5,0
2,0
25,0
15,11
8,0
4,0
16,8
17,8
5,0
10,0
4,0
0,17
1,0
17,0
16,0
28,11
20,0
17,9
1,3
4,4
2,5
2,29
2,3
3,5
2,0
10,23
1,0
1,0
1,0
1,0
4,0
1,0
1,0
1,0
0,15
9,0
5,0
6,0
18,0
6,0
5,0
2,8
6,0
2,13
2,15
1,0
1,0
20,0
2,0
0,6
1,0
1,0
1,0
0,12
2,0
1,0
2,0
5,0
0,4
2,0
9,20
2,9
2,8
0,8
1,0
1,0
5,0
4,0
5,0
0,11
1,0
1,0
1,0
5,0
2,0
2,0
1,6
2,14
12,19
26,13
8,0
3,0
3,25
0,27
8,0
7,0
21,0
3,59
4,16
2,0
4,0
5,13
2,0
0,1
1,9
1,0
1,0
9,0
5,0
2,0
2,0
0,2
1,0
0,8
1,0
1,0
18,25
3,8
0,21
1,0
1,8
1,0
1,15
1,2
1,0
2,0
6,0
3,2
1,0
1,0
4,16
3,0
5,0
8,0
8,0
3,0
2,0
0,7
1,0
1,0
0,54
1,0
1,0
1,0
1,8
1,0
1,18
2,0
1,0
2,0
1,0
1,9
1,0
1,0
1,0
3,0
4,0
2,0
5,0
4,0
6,0
4,0
1,0
1,0
4,0
11,0
2,0
1,0
5,0
9,0
9,2
3,11
1,0
6,0
0,24
0,3
1,0
0,6
1,0
4,0
0,5
1,0
1,0
1,0
5,0
10,0
5,0
5,0
0,5
0,6
1,0
0,38
1,12
7,0
6,0
5,0
21,0
11,0
4,0
8,11
3,0
5,0
6,0
2,0
2,0
2,0
3,0
3,0
2,0
5,20
4,0
3,8
5,0
0,13
2,0
1,0
1,0
8,0
6,0
8,11
6,20
8,0
0,3
1,0
0,2
0,15
1,0
1,0
1,0
1,0
1,0
1,0
1,0
3,0
5,0
0,7
2,0
2,0
0,2
1,9
1,0
1,0
0,15
5,0
9,0
7,0
8,0
0,9
2,0
3,0
0,8
1,0
7,3
2,9
0,8
1,0
1,0
0,14
9,0
8,0
4,0
2,7
5,0
2,0
0,15
0,9
1,0
1,0
2,0
1,0
1,0
1,0
10,0
8,0
9,0
6,0
6,0
5,0
11,0
3,0
1,0
0,8
0,17
1,0
1,0
1,0
1,0
6,0
4,0
3,0
3,3
2,0
0,24
1,0
1,19
2,0
24,14
11,0
1,0
7,0
6,27
1,14
2,0
1,0
2,0
1,0
4,0
1,0
3,0
12,0
0,5
0,4
4,0
0,12
1,0
5,15
0,6
4,0
0,5
2,0
0,10
0,14
1,0
1,0
1,0
1,0
2,0
0,4
0,3
2,0
1,0
12,0
0,14
1,0
1,0
4,0
7,0
0,4
1,0
1,0
1,0
0,14
1,0
1,0
1,0
1,0
11,0
6,37
5,0
4,0
2,0
2,0
0,21
2,0
1,0
1,0
1,0
1,0
3,0
3,0
2,0
6,0
0,15
1,0
1,0
5,0
15,0
5,0
5,0
0,11
11,0
4,14
2,0
0,15
1,0
1,0
1,0
1,0
1,0
1,0
1,0
1,0
2,0
2,0
0,8
1,0
5,19
8,12
5,0
13,0
0,18
1,0
1,0
1,0
7,0
3,20
5,0
2,0
2,0
1,1
0,19
1,0
1,0
8,0
5,21
6,37
0,11
2,0
1,0
2,15
5,0
9,0
2,15
18,0
0,29
3,0
1,0
1,0
1,0
1,0
13,0
2,0
2,0
2,0
0,23
1,0
1,0
1,0
1,0
1,0
1,0
1,0
2,0
3,17
6,0
2,0
0,25
2,0
1,0
1,0
1,0
1,20
1,0
4,0
2,0
8,0
4,24
6,0
4,6
1,16
5,14
3,0
2,0
1,0
3,0
4,0
0,11
1,0
1,31
0,11
7,0
0,17
1,0
1,0
5,0
9,0
0,9
1,0
1,0
1,19
0,14
1,0
1,0
3,0
16,0
0,6
3,22
0,13
0,25
5,0
1,0
1,0
1,0
1,0
1,17
1,0
2,0
3,0
5,0
3,0
10,42
2,0
0,31
2,0
2,0
6,2
18,0
1,0
1,0
2,0
1,0
3,0
5,0
5,19
2,0
3,0
4,0
1,0
4,0
4,18
2,0
1,0
1,0
0,10
1,0
8,0
2,0
0,10
1,0
6,0
3,0
4,2
2,0
0,5
2,0
0,37
1,0
1,0
1,0
5,0
4,0
4,0
2,0
2,0
2,0
0,8
1,0
1,0
5,14
2,0
8,0
0,16
1,0
1,0
1,0
1,0
1,0
1,0
2,0
0,2
1,0
1,0
6,0
0,23
1,0
1,0
1,0
1,0
1,0
1,0
4,0
4,0
3,0
4,0
0,8
2,32
2,0
0,11
1,0
1,0
1,0
1,0
4,0
5,0
6,0
2,0
0,5
1,0
1,0
1,0
2,0
2,0
15,14
15,0
12,0
6,0
1,0
4,0
3,0
2,0
0,11
1,0
2,0
0,19
1,0
1,0
1,0
1,0
9,0
3,0
4,0
3,0
0,15
2,65
2,0
2,26
5,0
2,0
0,22
1,0
1,0
1,0
1,0
1,0
1,0
46,12
4,21
13,0
19,24
2,0
8,15
6,11
0,11
1,0
1,0
1,0
1,0
1,0
2,0
2,0
0,3
0,9
1,0
1,0
3,0
3,0
2,0
0,8
1,0
1,0
5,0
4,0
1,15
2,0
1,1
2,0
0,18
1,0
1,0
1,0
1,0
1,0
1,0
4,0
0,10
1,0
1,0
1,0
1,0
7,0
2,0
4,24
0,8
1,0
1,0
1,0
1,0
1,0
1,0
34,0
0,8
2,0
3,18
3,0
2,0
0,5
1,0
2,18
3,0
0,11
2,0
30,0
3,0
0,14
1,0
1,0
3,0
7,0
4,0
0,6
1,0
2,0
2,0
0,2
0,10
1,0
1,0
1,0
1,0
1,0
1,0
8,0
0,14
1,0
1,0
3,0
2,0
2,0
0,29
1,0
1,0
1,0
1,0
1,0
1,0
4,0
2,0
2,0
4,0
7,0
0,9
1,0
1,0
10,0
6,0
0,3
0,16
1,0
1,0
1,0
2,9
8,7
4,9
2,0
5,16
0,7
1,0
4,0
4,31
2,0
3,0
3,0
1,0
3,0
2,0
1,0
1,0
1,0
2,0
1,0
1,0
1,0
1,0
1,0
1,0
1,0
2,0
2,0
2,0
15,0
3,0
4,0
2,0
4,0
5,0
2,0
1,0
1,0
2,0
2,0
4,21
3,0
2,0
1,0
19,17
10,0
5,12
5,12
21,0
20,0
3,0
4,5
3,12
3,0
16,16
1,41
2,0
5,11
1,0
3,0
2,0
1,0
3,9
8,0
1,0
2,0
1,0
2,0
4,0
6,21
2,0
4,0
4,0
7,0
6,19
6,5
4,11
34,0
8,0
5,54
10,0
2,0
4,8
3,0
3,0
7,0
11,9
12,6
5,6
13,18
9,0
23,0
14,6
18,0
2,5
4,0
11,8
3,17
11,0
10,160
6,17
9,11
15,14
9,0
9,0
2,0
4,0
2,0
5,0
8,11
7,22
8,0
15,16
2,0
8,0
4,11
15,22
5,0
12,0
3,0
3,0
3,0
6,24
14,13
4,0
8,18
14,0
6,11
13,0
2,0
4,0
3,0
1,0
4,0
3,0
2,0
3,0
2,0
2,0
6,13
2,0
8,0
1,0
3,10
1,0
1,15
1,0
1,0
8,0
2,0
1,0
10,11
2,9
7,23
1,0
6,0
2,0
3,0
1,0
2,0
3,8
5,15
1,4
6,0
1,0
3,0
4,0
8,7
2,0
3,0
7,0
3,0
4,0
6,0
1,0
1,0
6,0
2,0
3,0
1,0
1,12
4,15
1,0
1,0
1,16
3,0
1,0
1,0
4,0
1,15
1,13
4,12
6,13
2,0
3,0
4,0
7,40
5,35
7,0
0,23
1,0
4,0
2,0
4,18
2,0
27,15
1,0
2,0
1,0
2,0
4,0
2,0
1,0
1,0
1,0
1,0
1,0
1,0
2,0
4,16
15,20
3,9
12,15
4,0
2,0
3,21
1,0
1,0
7,0
1,30
0,20
11,12
4,22
6,15
6,19
1,4
2,0
1,0
7,0
1,0
1,0
1,0
4,0
7,0
1,0
10,5
4,0
1,0
1,0
6,12
10,17
4,13
8,0
7,0
9,8
4,0
8,0
4,0
4,0
5,0
6,0
5,0
5,0
2,0
1,28
2,25
1,0
5,0
3,0
2,10
1,0
1,0
1,0
2,0
1,0
3,0
3,0
1,0
4,0
2,26
6,0
5,0
2,5
2,0
2,0
6,0
2,0
1,0
1,0
2,0
2,0
13,12
4,0
2,5
3,0
10,7
42,0
9,5
8,14
11,9
16,0
10,0
3,0
12,0
0,42
1,0
2,20
5,18
1,0
2,0
2,0
1,0
1,0
1,0
1,0
1,0
1,0
3,0
1,0
2,0
3,0
1,6
1,0
2,0
1,0
1,0
1,0
1,0
3,0
2,0
2,0
15,0
2,0
1,0
2,0
3,15
3,0
4,4
1,0
0,25
1,0
1,0
1,0
1,0
1,0
1,0
2,0
3,0
1,0
1,0
3,0
3,0
1,0
1,0
1,0
2,0
0,27
2,0
1,0
1,19
3,0
2,0
1,0
1,0
1,0
2,0
2,0
1,0
2,0
2,0
1,0
1,0
1,0
2,0
9,0
1,0
2,0
1,0
1,0
1,0
1,0
1,0
14,0
4,0
2,0
2,0
1,0
2,0
1,0
2,0
2,0
1,0
1,0
3,0
4,0
4,0
1,0
1,0
2,0
1,0
6,0
3,0
2,0
1,0
6,0
1,0
1,0
8,0
1,0
1,0
1,0
6,6
1,0
1,0
1,0
3,6
1,0
1,0
2,15
0,29
1,19
1,0
1,0
2,0
2,0
1,0
6,0
1,0
2,0
2,11
1,0
1,0
1,6
2,0
2,0
1,0
1,0
1,0
1,0
3,0
4,0
3,9
6,0
2,0
1,0
1,0
11,0
0,12
2,0
1,0
2,45
3,0
1,0
8,11
2,0
1,23
3,0
2,0
6,9
5,22
1,0
1,0
2,0
1,0
1,0
1,0
1,0
3,0
2,4
1,0
1,0
1,0
1,0
2,0
19,18
5,0
3,0
15,57
10,0
8,0
10,0
1,31
8,22
1,0
1,33
2,0
1,13
4,0
2,0
3,0
3,0
6,0
1,0
1,0
0,22
5,0
4,8
13,0
1,0
2,0
9,16
4,0
3,0
1,0
10,50
1,0
1,0
1,0
9,0
3,0
2,0
9,0
1,0
1,0
1,0
5,14
4,0
4,0
6,0
8,0
12,16
23,0
1,0
1,0
1,28
1,0
4,21
5,3
1,13
4,0
1,0
1,0
2,0
3,0
8,9
6,11
1,0
18,20
5,11
1,7
3,0
3,13
3,0
6,0
1,0
1,0
3,0
7,18
2,0
3,0
1,0
2,0
1,0
1,0
5,0
2,0
2,0
4,8
3,0
4,0
8,29
6,10
11,5
4,18
12,6
6,0
2,0
4,0
4,0
1,3
2,11
4,0
1,18
3,0
1,0
1,0
3,11
1,0
1,0
1,0
2,0
1,20
15,0
1,0
1,0
1,0
1,0
1,0
1,0
1,0
2,15
2,0
1,0
2,0
2,0
1,0
2,0
1,0
2,0
1,0
2,0
1,0
5,21
1,0
1,0
2,0
8,0
5,8
7,4
4,0
9,0
4,14
4,0
3,0
4,0
3,0
9,0
0,41
1,31
2,0
2,32
4,0
1,0
1,0
1,0
1,0
4,22
2,0
3,5
1,0
1,0
1,0
1,0
1,8
1,0
3,0
1,0
1,12
1,0
1,0
15,7
3,0
2,0
1,0
1,0
1,0
1,0
1,0
1,0
1,0
9,0
3,0
2,0
3,21
2,0
2,0
1,0
2,6
1,0
2,0
3,0
2,0
2,13
2,0
2,0
1,0
1,0
1,0
5,0
17,20
9,0
7,15
1,0
1,0
1,0
1,0
1,0
1,0
1,0
1,0
2,6
2,0
3,10
4,0
1,0
2,0
3,0
1,11
2,0
2,0
2,0
2,0
1,0
10,0
3,0
5,0
5,0
2,0
1,0
1,0
1,0
4,0
1,0
1,0
1,0
1,0
1,0
2,0
1,0
2,0
1,0
1,0
2,25
1,0
1,0
2,0
3,0
1,0
1,0
3,0
1,0
1,0
1,0
1,0
1,0
2,0
1,0
1,0
2,0
2,0
2,8
7,0
5,8
1,0
1,0
1,0
4,0
1,0
1,0
4,34
3,0
6,0
4,6
5,0
8,13
5,0
2,16
1,0
12,0
2,0
4,0
3,0
3,0
3,0
2,6
4,0
3,23
1,0
1,0
10,0
1,0
3,0
1,0
1,0
3,0
1,0
4,0
4,0
1,0
2,0
5,0
14,0
13,0
2,0
10,9
1,0
1,0
11,0
5,0
4,0
3,11
4,0
2,0
1,29
4,0
6,0
2,8
4,11
3,0
2,12
1,0
1,0
1,0
1,0
2,0
4,0
2,0
1,0
9,0
4,9
2,0
5,26
5,0
1,17
6,0
8,0
3,7
5,0
2,0
2,0
3,0
16,0
5,0
3,0
1,0
2,0
0,38
1,0
1,0
6,0
1,0
1,0
4,0
1,6
2,0
2,3
1,0
4,0
1,0
1,0
2,0
2,0
2,0
1,0
1,0
1,0
2,0
2,7
3,0
1,17
2,0
2,0
1,0
1,0
0,1
1,0
1,0
1,0
2,0
1,0
1,0
1,0
0,13
1,7
4,0
1,0
1,0
1,0
1,0
2,0
1,0
2,0
0,15
1,0
4,0
1,0
7,0
7,13
7,0
1,0
4,0
1,0
1,0
1,0
4,0
0,32
6,0
3,0
3,0
1,0
2,0
5,0
1,0
4,5
1,0
4,10
2,0
1,0
3,0
4,0
3,0
3,0
3,0
2,23
1,0
1,0
3,0
3,9
6,12
2,16
1,2
4,19
1,0
3,0
3,10
4,0
5,0
1,0
9,0
2,0
1,0
3,0
3,0
1,0
2,0
5,0
5,0
1,0
2,0
4,0
1,0
1,0
4,0
1,0
7,0
2,0
2,0
2,0
6,0
2,0
1,0
1,0
5,0
1,17
2,0
1,0
1,0
1,0
2,0
3,10
5,0
4,0
1,8
4,0
3,0
1,0
4,7
8,0
11,55
2,37
2,0
2,0
3,0
2,0
4,0
4,0
1,0
6,6
6,0
2,0
1,0
28,18
2,0
5,8
2,0
2,0
1,9
2,12
1,0
5,0
5,11
2,1
3,0
2,0
5,0
6,0
3,0
8,13
4,0
5,29
1,0
5,29
8,23
7,0
3,0
5,0
3,11
2,0
3,0
3,0
3,0
11,0
12,0
8,0
12,0
1,0
6,0
5,0
2,0
2,0
3,0
7,0
4,0
1,0
1,0
4,0
2,0
10,0
3,0
1,0
8,21
3,0
16,0
3,0
3,14
5,11
2,0
6,0
3,29
1,0
3,0
4,12
3,0
9,0
4,15
1,0
2,0
1,0
9,19
4,17
3,0
5,0
7,0
2,6
10,0
4,0
8,0
8,0
1,0
1,0
3,0
1,0
3,11
1,0
8,0
4,10
2,0
1,0
3,0
5,10
5,0
4,0
0,47
5,0
6,0
1,0
1,0
4,0
1,0
1,0
3,11
1,9
3,0
4,16
2,9
1,0
1,0
6,13
3,0
4,5
3,10
2,3
3,0
1,14
0,11
0,29
1,0
1,0
2,0
1,23
1,0
1,0
2,0
2,0
2,0
2,0
2,0
1,0
3,0
1,0
1,0
2,47
4,0
3,0
2,0
2,6
1,0
1,0
1,0
1,0
1,0
1,0
1,0
1,0
1,0
1,0
2,0
2,0
1,0
1,0
1,0
1,0
1,0
1,0
2,0
1,7
1,0
2,9
2,14
2,11
2,0
1,21
2,0
1,0
1,0
2,0
1,0
1,0
1,0
7,0
1,0
1,0
2,0
2,0
1,0
1,0
1,0
1,0
2,0
1,16
3,0
1,0
2,0
1,0
1,9
1,0
1,0
2,0
2,0
4,0
2,0
1,0
3,0
4,0
1,9
2,0
1,0
1,9
2,0
4,0
1,0
1,0
2,0
4,0
13,0
0,9
1,0
1,0
3,0
4,0
6,22
2,0
3,24
3,0
5,14
10,13
3,0
2,0
1,0
5,0
3,11
8,0
3,12
1,0
1,0
2,14
1,9
3,14
3,0
3,21
9,19
5,13
4,0
5,96
6,0
10,0
4,0
3,0
5,0
3,0
3,0
2,0
8,9
7,0
4,0
1,0
3,0
3,0
0,30
1,0
1,0
4,0
1,0
1,0
3,0
1,0
1,0
0,33
2,0
2,0
2,0
3,15
7,0
2,0
8,0
4,10
7,10
8,0
3,0
4,0
5,14
3,0
3,9
5,0
3,0
4,14
1,34
1,0
2,0
5,0
2,14
1,0
1,0
7,25
1,0
3,0
1,0
1,0
2,0
3,6
4,0
6,16
1,0
12,12
5,0
9,0
3,0
3,0
0,18
7,0
4,17
10,17
10,12
2,0
1,0
6,0
4,0
6,10
20,0
1,0
1,0
4,6
6,8
10,10
17,0
8,0
8,0
4,0
0,2
1,0
0,33
1,0
1,0
1,0
1,0
5,0
1,0
18,0
0,34
2,14
2,0
4,0
2,0
2,0
2,0
1,10
1,0
1,0
1,0
1,0
9,0
2,0
6,6
2,0
12,0
6,0
1,0
1,0
7,0
9,0
2,12
2,0
6,0
3,11
1,5
2,20
0,20
1,0
3,0
1,0
1,0
5,25
2,0
2,8
7,11
10,33
2,0
0,38
1,0
1,0
2,0
2,0
1,0
1,0
3,0
1,11
1,0
1,0
11,5
1,0
1,0
1,0
1,0
6,0
1,0
1,0
1,0
1,0
1,0
1,0
0,22
1,0
5,18
1,0
1,0
1,0
3,0
1,0
1,0
4,14
1,0
13,16
2,0
4,0
1,0
1,11
11,0
9,0
8,4
4,0
3,0
3,0
3,0
1,0
4,0
11,0
5,16
4,0
2,0
6,32
1,0
4,17
1,0
3,0
1,0
5,0
3,13
2,0
2,0
4,0
4,0
6,5
3,0
2,14
3,0
6,7
7,0
6,0
1,8
1,0
6,0
2,0
7,0
6,0
4,0
8,15
3,0
4,0
3,0
1,0
3,48
2,0
8,8
5,0
1,0
5,0
3,17
5,0
3,0
3,0
1,0
1,0
1,0
1,0
1,0
2,0
4,0
13,0
1,0
10,0
1,0
1,0
2,0
1,0
1,49
6,10
1,0
3,0
5,0
6,0
6,19
1,0
3,0
1,16
2,0
0,26
2,0
1,0
2,0
3,0
1,0
1,0
1,1
1,0
3,0
1,0
3,0
1,0
4,26
6,0
1,0
1,11
3,0
2,0
5,0
1,0
4,0
1,0
1,0
4,0
2,0
2,0
1,0
2,0
1,0
1,0
4,0
9,0
4,2
1,0
3,0
8,0
3,14
6,0
2,0
3,0
2,0
3,0
2,0
1,11
8,21
2,13
8,0
2,0
6,0
3,14
1,0
1,6
6,18
2,0
2,0
6,0
2,0
4,0
11,16
5,0
6,0
2,0
2,0
2,0
5,11
5,0
5,40
1,0
2,0
1,0
0,11
1,0
3,0
1,25
1,19
3,0
2,11
2,0
1,4
4,11
7,0
1,0
1,0
1,0
1,0
1,0
1,0
1,0
1,0
1,0
1,0
1,0
1,0
1,0
1,0
1,0
1,0
1,0
1,0
2,0
1,0
1,0
1,0
1,0
1,0
1,0
2,0
1,0
1,0
2,0
9,0
5,0
2,15
1,0
2,0
1,0
1,0
2,0
3,0
4,0
3,0
0,21
1,15
1,0
1,0
1,0
2,0
2,24
1,0
1,0
2,0
1,0
2,0
0,44
5,15
1,0
2,0
3,0
1,0
2,11
2,0
1,0
3,0
0,7
2,0
1,0
1,0
3,0
2,20
2,6
2,18
6,0
7,0
4,0
1,10
1,0
5,0
7,7
8,0
10,0
0,8
1,0
1,0
2,0
0,47
2,0
1,0
3,0
2,0
1,0
2,0
2,0
1,5
4,0
5,0
2,0
3,0
3,16
2,0
1,0
3,0
1,38
2,0
2,0
3,0
2,0
5,0
6,17
4,0
2,23
1,7
2,10
6,0
2,0
3,0
2,0
1,0
2,0
1,0
1,0
4,0
5,0
9,0
3,0
3,0
7,0
4,0
1,0
2,0
1,0
2,0
1,0
3,0
2,0
2,0
3,0
2,0
3,0
2,0
1,0
1,0
2,0
1,0
2,0
1,0
1,0
2,0
3,11
8,0
5,12
1,0
2,24
1,0
1,0
2,12
3,21
12,14
8,0
3,0
3,0
1,0
4,12
1,0
1,0
3,0
6,0
1,0
1,0
1,0
3,15
2,0
1,0
1,0
1,0
1,0
1,0
1,3
2,10
2,0
1,0
0,35
1,0
4,0
6,0
1,0
2,0
1,0
2,0
2,13
5,14
1,0
1,0
1,0
6,19
1,0
6,8
1,0
1,0
2,0
1,5
3,0
5,0
8,0
3,0
4,20
2,0
2,20
2,0
0,10
6,0
1,0
1,0
1,0
1,0
1,0
1,0
0,17
1,11
1,0
4,0
1,0
4,0
2,0
1,0
2,0
5,16
1,0
1,0
2,0
9,0
10,0
2,0
4,0
2,17
4,0
1,0
2,0
1,0
4,0
1,0
1,0
3,0
1,0
1,0
1,0
1,0
5,0
2,13
1,0
2,0
6,0
3,0
4,0
1,0
1,0
3,27
1,19
4,18
1,0
1,0
1,0
1,0
1,0
4,94
8,0
4,0
4,0
1,0
3,0
2,0
3,0
1,0
1,0
2,11
1,8
1,0
3,0
1,0
1,0
2,0
1,0
0,26
3,0
1,0
1,0
1,0
1,0
6,0
4,0
7,0
5,0
0,8
1,0
1,0
1,0
4,0
0,44
6,0
1,0
5,0
3,0
2,0
1,0
2,20
1,0
8,0
2,6
2,0
3,0
1,0
4,0
1,0
5,0
4,94
2,0
4,0
1,0
6,0
6,10
4,11
4,0
5,23
3,21
1,27
4,13
4,0
2,12
3,0
1,0
1,0
1,0
1,0
3,0
3,0
1,0
2,0
0,32
1,0
2,0
4,0
2,0
1,0
1,0
9,0
4,6
3,0
2,0
8,0
5,0
7,0
8,0
1,15
2,0
1,0
3,0
3,9
5,0
7,19
1,0
4,0
3,2
0,31
3,0
2,0
1,17
1,0
1,0
1,0
4,0
1,0
2,0
2,0
7,0
2,0
1,13
2,0
7,0
3,0
3,0
2,0
10,0
2,0
1,0
3,8
5,0
3,6
3,0
7,17
2,6
1,0
1,0
1,0
7,0
9,14
3,0
1,0
0,25
1,19
1,0
10,7
4,22
3,0
1,0
1,0
3,11
3,0
1,0
1,0
1,0
3,0
1,0
5,17
4,0
3,0
1,19
1,0
7,6
3,16
1,0
1,0
1,0
1,0
0,12
2,0
0,6
2,8
3,6
7,0
1,0
2,36
5,14
4,44
10,16
3,0
4,0
8,0
1,0
1,0
4,0
4,8
10,16
2,6
4,0
2,0
1,0
2,0
5,0
4,19
1,0
2,0
2,0
1,0
3,0
2,0
1,0
1,7
2,0
1,0
0,31
1,0
2,0
2,0
1,16
7,0
7,0
1,0
8,0
8,0
14,0
4,0
11,0
7,0
3,0
3,0
4,0
2,11
4,0
2,0
4,0
2,0
6,0
4,0
7,0
3,0
4,0
2,0
2,0
3,6
2,0
2,0
1,0
0,48
4,0
1,0
2,5
3,0
5,0
4,0
1,0
2,12
4,13
4,48
1,0
4,0
3,0
5,0
2,0
1,0
2,0
5,13
0,24
1,14
2,0
6,22
2,9
4,0
1,18
3,0
3,0
5,25
2,0
4,0
4,18
4,8
1,0
1,0
1,0
1,0
1,0
1,0
1,0
1,0
0,3
2,0
1,19
13,12
12,0
6,0
6,0
3,21
3,0
5,13
1,12
2,0
2,0
1,0
1,0
3,5
3,0
2,17
2,0
1,0
2,0
1,0
1,0
1,0
1,0
1,0
1,0
2,0
1,0
4,15
8,37
5,0
1,0
3,0
3,0
3,10
1,0
1,0
2,0
3,17
2,0
1,0
5,0
5,0
2,0
1,0
1,0
0,2
1,0
1,0
3,0
1,0
1,0
1,0
1,0
0,32
1,0
1,0
1,0
2,0
1,0
1,0
1,0
3,0
2,0
6,0
6,0
10,0
3,0
2,0
0,29
5,0
3,13
3,0
3,0
3,0
7,15
0,1
2,0
7,0
3,0
0,7
5,27
2,5
1,0
6,0
2,0
7,0
2,0
6,0
5,0
4,13
2,0
0,6
1,0
2,17
4,31
2,15
1,0
1,0
5,6
2,0
3,0
3,8
7,8
2,0
1,0
2,0
6,0
2,0
2,0
3,0
1,5
7,0
1,0
1,0
4,0
3,0
7,0
1,0
4,0
2,7
2,0
1,0
1,0
1,0
3,0
3,26
1,0
1,0
2,21
4,0
1,0
2,0
5,20
7,15
2,16
13,13
1,0
2,0
4,0
2,0
2,0
2,0
3,0
1,0
1,0
1,0
2,0
1,0
1,0
2,0
4,0
4,27
1,18
11,15
3,0
3,0
5,0
7,0
3,0
5,0
6,7
3,0
5,0
4,7
4,6
0,4
5,0
1,0
9,0
10,0
3,0
8,0
3,0
6,6
2,0
4,0
3,0
5,0
6,0
8,0
7,0
4,0
3,12
14,0
16,0
15,0
4,0
2,0
7,0
6,0
3,20
2,0
3,19
3,9
6,0
8,0
4,0
2,0
6,0
2,4
3,18
4,0
2,5
1,0
5,0
2,0
1,0
1,0
2,0
1,0
1,0
2,0
1,24
7,0
3,0
2,0
2,0
2,0
2,0
1,5
2,0
2,8
1,0
3,10
2,0
1,0
1,0
1,0
1,0
1,0
2,0
5,5
1,4
1,0
1,0
4,10
1,0
3,16
3,0
1,10
1,0
1,12
1,0
2,0
2,0
1,0
2,0
2,0
1,0
2,0
2,0
1,0
1,0
2,6
2,0
1,0
1,0
2,0
2,0
1,0
1,0
1,0
2,0
1,0
4,0
1,14
3,11
5,9
2,0
1,0
1,0
1,0
2,0
1,0
1,0
1,0
1,0
2,0
1,14
2,0
1,10
2,0
2,0
1,0
1,0
3,0
1,0
1,0
4,0
1,0
11,0
6,14
0,16
1,0
1,0
3,0
1,0
1,0
2,0
3,0
1,0
2,0
5,0
5,15
2,0
1,0
1,0
4,0
1,0
1,12
1,0
3,20
2,13
1,0
2,0
3,0
1,0
3,0
3,0
1,0
1,0
4,0
5,0
1,0
1,0
3,0
1,0
3,0
1,0
3,0
1,0
1,0
3,0
3,0
1,0
1,0
1,0
1,5
2,6
1,0
4,0
3,0
1,0
2,0
2,0
4,0
1,0
1,0
2,0
2,0
1,15
6,0
1,0
2,0
2,0
3,5
2,0
2,0
1,0
1,0
3,0
0,21
6,12
3,0
3,0
1,18
1,0
2,0
0,11
1,0
1,0
1,0
1,0
1,0
1,0
1,0
2,0
2,0
2,0
8,0
4,0
1,0
1,0
1,23
1,0
1,0
5,0
1,0
1,0
5,0
1,0
1,0
6,0
1,0
1,32
1,0
1,0
2,10
1,0
1,24
1,8
1,0
2,0
1,0
3,0
2,0
2,0
3,30
0,14
3,0
3,0
2,6
2,0
1,0
1,0
1,8
0,22
2,12
1,0
1,0
3,0
1,0
1,0
1,0
8,0
2,0
0,5
3,0
1,12
3,0
3,0
4,0
1,0
5,0
7,0
2,0
9,0
3,0
6,0
4,0
2,0
2,6
3,0
1,0
4,3
2,0
3,19
1,0
1,18
1,2
1,0
2,0
1,0
1,9
1,0
2,0
4,0
2,0
1,0
1,0
4,0
1,0
2,0
1,0
1,0
1,0
3,0
5,11
0,21
3,0
2,0
1,0
3,0
3,4
4,16
2,0
4,0
2,0
0,9
3,17
1,0
2,11
3,8
2,0
3,0
7,10
1,0
0,26
1,0
3,0
1,8
1,0
1,0
1,0
1,0
1,0
3,0
2,0
4,0
2,0
2,0
2,17
3,0
3,0
1,0
5,0
4,10
2,0
1,0
3,0
1,0
2,41
2,25
2,28
2,0
5,37
1,13
2,0
2,0
2,0
0,11
1,0
1,0
1,0
4,17
3,0
3,0
2,0
1,0
2,0
1,13
2,0
4,4
1,9
2,0
2,0
3,0
1,23
1,0
2,0
5,7
5,0
3,0
1,0
3,0
3,0
1,34
2,0
4,17
4,9
3,0
3,5
3,0
5,0
3,20
5,0
5,0
3,0
13,0
4,0
2,0
4,0
2,0
1,0
3,0
3,0
1,0
2,0
2,0
7,0
3,0
3,0
3,0
1,0
1,0
2,0
1,0
2,0
2,0
1,0
1,0
2,0
3,0
3,0
2,0
1,0
3,0
1,0
5,13
10,0
4,0
2,0
2,0
2,0
3,0
5,0
1,0
1,0
1,0
1,0
1,0
1,0
2,0
2,0
3,0
6,9
2,0
1,0
1,0
1,0
1,0
1,0
5,0
10,0
11,0
1,0
5,0
1,0
3,10
1,0
1,19
2,0
2,0
1,0
2,0
1,0
1,0
1,0
3,0
1,0
4,0
2,0
2,25
1,0
1,0
1,0
1,0
1,11
1,0
3,0
14,0
1,0
1,0
1,0
4,0
0,33
1,0
1,0
1,0
1,0
1,0
2,0
2,0
1,0
1,0
2,0
1,0
1,0
7,9
2,0
3,0
1,0
4,0
4,8
2,0
1,0
2,0
3,14
3,12
1,0
1,0
3,0
3,0
7,0
1,0
1,0
1,0
1,0
1,0
1,0
1,0
1,0
2,0
1,0
3,0
2,13
1,0
3,0
1,0
0,23
1,0
1,0
1,0
1,0
1,0
1,0
1,0
1,0
4,0
5,18
1,0
1,0
1,0
1,0
1,0
3,0
1,0
2,0
1,0
2,0
2,0
1,0
3,0
0,14
2,0
1,0
1,0
1,0
1,22
9,12
1,0
1,0
1,0
4,10
1,0
1,0
2,0
1,0
2,0
7,7
5,0
3,0
1,0
2,6
2,0
1,0
1,0
1,0
1,0
6,0
1,0
1,0
2,0
1,0
1,0
1,0
1,0
1,0
1,0
1,0
1,0
2,0
1,0
1,0
1,0
0,5
2,0
1,0
1,0
0,21
1,0
3,13
2,0
5,16
7,6
3,0
1,0
1,0
2,0
1,0
1,0
1,0
2,0
2,0
2,0
4,0
1,4
1,0
2,0
1,0
0,20
2,0
1,0
2,0
1,0
1,0
1,0
3,0
2,21
3,8
4,0
5,0
5,0
2,0
2,0
2,0
2,0
2,0
2,0
2,0
1,0
1,0
1,0
1,0
1,0
2,0
2,0
2,29
5,24
11,0
1,30
5,0
5,0
7,0
2,0
3,0
4,0
2,0
2,23
5,14
0,13
1,0
4,17
2,0
2,0
2,0
3,0
2,0
1,0
0,43
2,0
2,0
2,0
3,0
2,0
4,0
2,0
1,0
2,0
2,0
2,0
2,0
5,0
2,0
2,0
2,0
2,0
1,0
2,0
2,17
2,0
2,0
2,0
5,0
2,0
2,0
2,0
1,0
1,0
3,0
1,0
1,0
1,0
1,0
2,0
1,0
2,0
4,0
1,0
2,0
1,0
2,0
1,0
1,0
2,0
1,0
1,0
5,0
2,0
1,0
2,13
2,0
1,0
2,0
1,0
1,0
2,0
8,0
3,0
1,0
1,0
1,0
1,0
1,0
1,0
1,0
2,0
2,20
1,0
4,119
1,0
1,0
1,0
2,0
2,0
1,0
3,0
1,0
1,0
1,0
4,0
1,0
2,0
1,0
1,0
1,0
1,0
8,0
2,23
2,0
1,0
1,0
2,0
1,0
1,26
1,0
1,0
1,0
3,0
1,0
1,0
1,107
1,0
1,0
2,0
2,0
2,0
1,0
1,0
1,10
3,0
1,2
1,0
1,0
1,0
1,0
1,0
1,0
1,0
1,0
3,0
1,4
1,0
3,0
1,0
1,0
1,0
1,0
2,0
1,0
1,0
2,15
2,0
1,0
1,0
1,0
1,0
1,0
9,0
3,0
3,17
1,0
3,0
4,11
1,0
1,0
1,0
1,24
1,0
2,0
2,37
3,0
1,0
1,0
0,43
7,28
4,10
6,20
3,5
1,0
1,0
4,21
7,0
1,0
1,0
1,0
3,0
2,0
4,0
1,0
1,0
1,0
1,0
1,0
5,0
2,0
2,0
3,0
1,0
3,0
2,0
2,0
0,19
4,0
1,0
1,0
2,26
1,0
3,0
1,16
1,0
0,20
2,0
4,0
0,17
1,0
0,42
1,0
2,0
1,0
1,0
1,0
1,0
3,0
1,0
1,0
1,0
1,0
1,0
1,0
2,0
1,12
1,0
2,0
1,0
1,0
4,0
2,0
1,0
1,0
2,0
1,0
1,0
1,0
2,0
1,0
1,0
1,0
1,0
1,0
1,0
1,0
1,0
2,0
1,0
2,13
4,0
3,0
2,0
2,0
1,7
1,0
1,0
1,0
1,0
2,0
2,8
5,0
2,9
1,0
1,0
0,19
5,0
1,0
1,0
1,0
1,0
1,26
1,0
4,0
1,0
8,0
2,0
2,0
1,0
2,0
3,0
1,0
2,0
1,0
1,0
2,0
3,0
2,24
1,0
1,8
1,29
1,0
2,0
2,19
1,0
1,0
2,0
3,0
2,0
3,9
2,0
0,37
1,20
2,0
2,0
4,30
1,11
3,0
1,33
3,20
2,0
1,0
1,0
1,0
1,0
1,0
1,0
1,0
1,8
4,0
0,2
1,0
1,0
1,0
1,0
1,0
1,0
1,0
1,25
9,16
1,8
2,20
1,18
1,0
3,0
2,0
1,0
1,0
2,0
2,0
1,0
1,0
4,0
3,0
1,0
2,0
1,14
2,11
7,0
1,0
1,0
1,0
1,0
1,0
3,0
1,0
2,0
1,0
1,0
0,23
6,0
3,0
2,13
2,0
1,0
1,0
0,13
1,0
3,0
1,0
2,0
1,0
1,0
1,0
1,0
0,44
1,0
4,0
1,0
1,0
2,5
1,0
1,0
1,0
1,0
0,27
1,0
2,0
1,0
1,0
1,0
0,29
1,0
2,0
1,0
3,0
1,0
1,0
1,0
1,0
1,0
1,0
1,0
3,0
0,4
3,0
1,0
1,16
1,0
0,9
1,0
2,0
0,14
3,0
1,0
1,0
2,0
1,0
1,0
1,0
1,0
1,0
1,0
0,25
2,0
1,0
1,0
1,0
3,0
5,0
2,0
5,0
2,0
2,0
2,0
5,19
1,0
1,0
1,0
1,0
0,25
1,0
1,0
1,0
2,0
1,0
2,0
3,0
4,0
2,0
2,0
3,0
2,0
1,0
1,0
1,0
6,0
1,0
1,0
4,13
3,32
1,23
2,0
2,0
2,21
5,0
2,0
0,40
1,0
1,0
1,0
1,0
1,0
1,0
1,0
1,0
1,0
1,0
1,0
1,0
1,0
2,24
0,29
1,0
1,0
1,0
1,0
1,10
1,0
1,0
1,0
1,0
2,0
1,0
1,0
1,0
1,0
1,0
1,0
2,0
1,0
1,0
2,0
1,0
1,0
1,0
1,0
2,0
1,0
1,0
1,0
2,0
1,0
1,0
1,0
3,0
1,0
1,0
1,0
1,0
1,0
1,0
1,0
2,0
1,0
0,3
1,17
1,0
3,13
2,0
4,0
7,6
1,75
2,0
2,0
2,0
1,0
1,0
1,0
1,0
1,0
1,0
1,0
1,0
1,0
3,0
1,0
1,0
1,0
1,0
1,0
2,9
2,0
2,0
1,0
1,0
1,0
1,0
2,0
6,0
7,5
2,0
1,6
5,0
5,0
1,0
3,0
5,0
3,15
1,0
1,19
1,0
1,0
4,0
1,0
3,21
2,0
2,0
2,0
1,6
2,0
1,0
1,0
1,0
1,0
1,0
1,0
1,0
1,0
1,0
3,0
4,0
2,0
4,0
2,0
3,0
2,0
1,0
1,0
4,16
1,0
1,0
2,0
1,0
1,15
1,0
2,0
1,0
8,0
1,0
6,0
1,0
1,0
1,0
1,0
2,0
2,0
1,0
1,0
1,0
1,0
1,8
3,8
5,0
1,0
2,0
0,6
2,0
1,0
1,0
2,2
4,8
1,0
2,0
2,0
3,0
2,0
1,0
1,4
1,0
1,0
2,25
3,0
0,35
2,0
1,0
1,14
2,0
2,0
1,0
1,0
1,0
1,0
1,0
1,0
1,0
1,0
1,0
1,0
1,0
1,0
1,0
0,4
2,0
4,0
2,0
4,0
2,0
2,9
3,0
4,2
4,0
2,0
1,2
1,0
1,0
1,0
3,0
1,0
1,0
1,9
2,0
2,0
2,0
1,0
1,4
1,0
1,0
1,0
1,0
2,0
2,0
1,0
7,0
0,2
1,0
1,0
2,0
2,0
3,0
4,0
1,0
3,0
2,0
3,0
2,0
2,0
2,0
2,0
3,0
1,0
6,0
4,0
1,0
3,0
5,0
3,13
1,0
1,0
2,0
1,0
2,0
2,0
1,0
1,0
1,0
3,0
1,0
1,0
5,0
4,0
4,0
2,0
1,0
1,0
1,0
1,0
1,0
7,0
1,0
3,29
1,0
1,2
2,0
1,0
5,0
2,0
4,0
3,0
1,0
1,0
1,0
1,0
3,0
4,0
2,0
2,0
1,0
1,0
2,0
1,0
1,0
1,0
1,0
1,0
3,0
3,0
3,0
9,0
1,10
2,0
2,0
1,0
1,0
2,0
1,0
2,0
2,0
2,11
1,5
2,0
3,0
3,0
1,0
1,0
1,0
2,0
4,0
8,0
1,0
1,0
1,0
1,0
2,0
2,0
1,0
1,0
1,0
1,0
2,0
2,0
1,0
2,0
2,0
1,0
2,29
0,3
0,2
1,0
1,0
1,0
1,0
3,0
2,0
1,0
0,5
1,0
1,0
1,0
1,0
1,0
1,0
1,0
1,0
2,0
1,0
1,0
1,0
1,0
1,0
1,0
1,0
2,0
1,0
1,0
1,0
1,0
1,0
1,0
1,0
3,0
1,0
2,0
2,0
1,0
1,0
4,9
1,0
1,0
2,0
2,20
1,0
1,0
2,0
1,0
2,0
2,0
1,0
3,0
1,0
1,0
2,0
2,0
1,0
1,0
2,27
2,7
2,0
1,0
3,0
1,0
3,0
2,0
1,0
6,17
1,0
1,0
3,13
1,0
1,0
1,0
2,0
8,23
1,11
4,0
5,25
2,0
2,9
1,0
3,0
2,0
1,0
1,0
1,0
1,0
1,0
1,0
1,0
1,19
1,0
1,0
1,0
1,0
2,0
2,0
5,19
1,0
2,0
1,0
0,11
1,0
1,0
1,0
1,0
1,0
1,0
1,0
0,4
1,0
1,0
1,27
1,0
2,0
2,0
1,0
1,0
2,0
1,0
0,5
3,0
3,0
1,0
1,0
5,0
1,0
3,0
2,0
2,0
3,0
2,0
2,0
3,14
2,0
1,0
2,0
1,0
2,0
0,8
3,0
1,0
3,3
1,0
1,0
2,0
8,0
1,0
1,0
1,0
1,0
1,0
1,0
1,0
3,0
3,3
1,0
1,0
3,0
1,0
2,0
3,1
1,0
1,0
2,16
5,33
7,0
2,0
1,0
1,0
1,0
1,0
1,0
2,0
1,0
1,0
2,0
1,0
1,0
1,0
1,0
2,16
2,0
4,0
7,0
1,0
5,0
0,7
1,0
2,0
2,0
1,0
1,0
1,6
4,0
2,0
2,0
0,5
1,0
1,0
1,0
1,0
2,0
3,0
2,0
1,14
1,0
1,0
1,0
2,0
1,16
2,0
1,0
3,7
1,0
0,38
1,0
1,0
1,0
1,0
1,0
1,0
2,0
7,0
1,0
2,0
1,0
0,1
1,0
1,9
1,0
1,0
0,63
1,0
1,0
1,0
1,0
1,0
1,19
1,0
1,0
1,0
3,0
2,0
1,14
2,0
1,0
1,0
1,0
1,0
1,0
1,0
1,0
1,0
1,0
1,0
1,0
1,0
1,0
1,0
1,0
1,0
2,0
1,0
1,0
1,0
1,0
1,0
2,0
1,0
1,0
1,0
1,0
2,0
4,24
1,0
1,0
2,0
1,0
2,0
1,0
1,0
1,0
1,0
1,0
1,0
1,0
2,0
1,0
6,0
1,0
1,0
1,14
3,0
5,0
4,0
1,0
3,0
4,0
4,0
1,0
1,0
1,0
1,0
2,27
1,0
5,0
1,0
0,91
1,17
1,0
2,0
2,0
1,0
1,0
1,0
1,0
2,0
2,0
2,0
1,0
2,0
1,0
1,0
2,0
1,0
1,0
1,0
1,0
1,0
1,0
1,0
1,0
1,0
1,0
2,9
4,0
6,0
5,0
2,0
1,0
2,0
1,0
1,2
1,0
1,0
1,0
1,0
1,0
2,0
3,0
1,0
1,0
1,0
1,0
1,0
1,0
4,0
1,0
1,0
1,0
1,0
1,0
1,0
2,0
1,0
1,0
3,0
2,0
2,0
1,0
2,0
3,0
1,0
5,0
2,0
1,0
0,5
2,0
1,0
1,0
0,7
1,0
1,0
1,0
4,0
1,0
1,0
1,0
1,0
1,0
1,0
1,0
1,0
1,0
3,0
3,10
1,0
1,0
1,0
1,0
1,0
1,0
1,0
1,0
1,0
3,0
2,0
2,0
2,0
1,0
1,0
1,0
1,0
2,0
1,12
1,0
2,0
2,0
2,0
3,0
1,0
1,0
1,0
1,0
1,0
4,0
1,0
1,0
4,0
1,0
1,0
1,0
2,0
2,0
2,0
1,0
1,0
4,0
2,0
0,5
1,0
1,11
2,0
1,0
2,0
1,0
1,0
2,0
1,9
1,0
1,0
1,0
1,0
1,0
5,0
5,0
3,0
7,0
4,0
4,0
2,0
3,0
5,0
2,0
4,0
1,0
3,0
3,0
1,0
1,0
1,10
1,0
1,0
3,0
0,9
3,0
1,0
0,1
1,0
1,0
1,0
0,2
1,0
0,3
2,0
0,1
4,12
1,0
3,0
4,0
1,13
1,0
1,0
1,0
1,0
1,0
1,0
1,0
0,9
1,0
0,12
5,0
2,0
3,0
1,0
1,0
2,15
2,8
1,0
3,0
3,0
3,0
1,0
2,0
1,0
2,0
2,0
0,1
1,0
1,0
0,15
5,0
5,0
6,15
1,0
1,0
0,7
0,1
1,0
0,3
1,5
2,0
0,4
0,1
1,13
1,12
1,0
3,0
0,4
0,1
0,6
1,0
0,4
1,0
0,5
0,2
3,0
2,0
2,10
7,0
3,7
1,0
1,0
3,0
1,0
2,19
1,9
3,0
2,0
1,0
1,2
0,7
1,0
2,0
1,0
3,0
0,11
0,10
3,0
2,0
1,0
1,0
1,0
1,0
1,0
1,0
1,0
1,0
1,0
1,0
1,0
1,0
1,0
1,0
1,0
1,0
1,0
1,0
2,0
0,3
1,0
0,1
1,5
2,0
1,0
2,0
0,5
1,0
2,1
1,11
0,18
1,0
1,0
1,0
1,0
2,2
1,0
1,19
1,20
1,0
4,0
0,5
2,0
0,19
3,15
1,0
1,0
2,23
0,13
0,16
1,0
1,0
0,6
1,0
0,10
0,2
1,0
2,16
1,0
1,0
1,0
0,15
1,0
1,0
1,0
1,0
1,0
1,0
0,31
3,0
1,0
1,0
1,0
1,0
1,0
1,0
1,0
2,14
1,0
1,0
1,0
1,0
1,0
1,0
1,0
1,0
3,6
0,3
0,5
1,0
1,0
0,6
1,0
2,0
1,0
1,18
1,0
1,0
1,0
1,0
1,0
1,0
0,1
1,0
0,1
1,0
0,1
1,0
0,1
1,0
0,1
1,0
0,1
1,0
0,1
1,0
0,1
1,0
0,1
1,0
0,1
1,0
0,1
1,0
0,1
1,0
0,1
1,0
0,16
1,0
1,0
1,0
3,0
1,0
1,0
1,5
1,0
1,0
1,0
1,0
1,0
0,1
1,0
1,0
2,0
5,0
1,0
1,0
2,0
10,8
1,0
3,0
1,19
2,10
1,0
1,0
1,0
1,0
1,0
1,0
1,0
1,0
1,0
1,0
1,0
1,0
1,8
2,0
1,0
1,0
2,0
3,0
1,0
0,2
1,0
5,15
0,6
1,0
1,0
1,0
1,0
1,0
1,0
1,0
5,0
2,0
2,0
3,0
2,0
2,0
4,0
1,0
1,5
1,19
4,15
1,0
1,0
2,0
5,0
1,18
1,0
4,0
4,0
1,10
1,0
2,0
1,0
0,19
1,0
1,0
1,0
1,0
1,0
1,0
1,0
1,0
1,0
1,0
1,0
1,0
2,0
2,0
1,0
3,10
3,13
2,9
1,0
1,0
1,0
5,14
2,0
0,61
2,0
2,0
1,0
1,0
1,0
1,0
1,0
1,0
1,0
1,0
2,0
2,0
2,0
1,0
1,0
2,0
1,0
1,0
1,0
1,0
1,0
1,0
1,0
2,0
1,0
1,0
1,0
1,0
1,0
2,0
1,0
1,0
1,0
1,0
2,0
1,0
1,0
1,0
1,0
2,0
1,0
1,0
1,0
1,0
1,0
1,0
1,0
2,0
0,32
1,0
3,0
1,0
1,0
1,0
3,0
1,0
1,0
1,0
1,0
1,0
3,0
1,0
1,0
1,0
1,0
1,0
1,0
1,0
1,0
2,0
1,0
1,0
1,0
2,0
2,0
2,0
2,0
2,0
1,0
1,0
1,0
2,3
2,0
2,0
1,0
1,0
1,0
2,0
1,0
1,0
1,0
1,0
1,0
1,0
1,0
1,0
1,0
1,0
1,0
1,0
1,0
1,0
1,0
3,0
1,0
2,0
2,0
2,0
0,16
1,0
1,0
1,0
1,0
1,0
1,0
1,0
2,0
1,0
1,0
1,0
3,17
2,0
1,0
1,17
1,0
1,0
1,0
1,21
4,0
1,25
2,0
2,0
1,0
2,0
1,0
1,0
1,0
2,0
1,0
3,14
2,0
3,0
1,0
2,11
1,0
1,0
1,0
2,0
4,12
5,0
2,13
1,0
1,12
1,0
1,0
1,13
1,0
1,0
1,1
1,16
2,13
1,60
1,0
1,0
1,0
1,0
1,0
1,0
1,0
1,0
1,0
1,0
1,0
1,0
3,0
2,0
2,0
2,0
2,8
2,0
1,0
1,0
1,0
1,0
1,0
2,0
0,11
2,0
2,0
1,0
1,0
3,0
2,0
1,13
2,24
2,0
1,0
1,16
1,0
1,0
6,0
1,26
2,0
1,0
2,0
2,0
1,0
1,0
1,0
1,0
1,0
1,0
1,0
3,0
1,15
1,0
1,0
1,0
0,313
1,0
1,0
1,0
1,0
2,0
2,0
1,14
1,0
1,0
1,0
1,0
1,0
1,0
1,0
1,0
1,0
1,0
5,0
1,0
1,27
1,0
2,0
1,0
1,0
1,0
1,0
1,0
1,0
1,0
1,0
1,0
1,0
1,0
1,0
1,0
7,0
2,22
1,0
1,0
3,30
1,0
1,0
1,0
1,0
3,15
1,0
1,0
1,0
1,0
1,0
1,0
2,0
1,0
1,0
1,0
1,0
1,0
1,0
1,0
1,0
1,0
1,0
2,0
2,0
1,0
2,0
1,0
1,0
1,0
1,0
1,0
2,0
1,0
1,0
1,0
1,0
1,14
1,0
1,0
1,0
1,0
1,0
1,0
1,0
1,0
1,0
1,0
1,0
1,0
3,0
1,0
1,0
1,0
9,0
1,0
1,0
1,3
2,0
3,0
4,0
1,33
2,0
2,0
2,0
2,0
3,0
1,0
0,10
1,0
1,0
2,19
5,0
1,0
1,0
3,0
2,0
1,0
3,0
2,0
3,13
1,0
2,0
1,0
1,0
1,0
1,0
1,0
2,0
1,0
1,0
1,0
2,0
1,0
1,0
1,0
1,0
1,0
2,0
1,0
1,0
1,0
2,0
1,0
1,0
1,0
1,0
1,0
0,1
1,0
0,15
1,0
1,0
1,0
1,0
1,0
2,0
0,14
1,0
1,0
1,0
0,9
1,0
1,0
1,0
1,0
0,4
2,0
0,112
2,0
1,0
1,0
1,0
1,0
1,0
1,0
1,0
1,0
1,0
1,0
1,0
1,0
1,0
1,0
1,0
1,0
1,0
1,0
1,0
1,0
1,0
1,0
1,0
1,0
1,0
1,0
1,0
1,0
1,0
1,0
1,0
1,0
1,0
1,0
1,0
1,0
1,0
1,0
1,0
1,0
3,0
1,0
1,0
1,0
1,0
1,0
1,0
1,0
1,0
1,0
1,0
2,0
1,0
1,0
1,0
1,0
1,0
1,0
1,0
1,0
1,0
1,0
1,0
1,0
1,0
1,0
1,0
1,0
1,0
1,0
1,0
1,0
1,0
1,0
1,0
2,0
1,0
1,0
2,0
0,9
1,14
1,0
1,0
1,0
0,19
3,0
1,0
2,0
2,0
4,0
1,8
2,0
1,0
1,0
2,0
2,0
1,0
1,0
1,0
1,0
0,1
1,0
0,7
2,0
0,5
1,0
1,0
1,16
1,0
1,0
3,0
1,0
1,3
2,0
1,0
1,0
2,0
1,15
2,0
1,0
2,0
1,0
0,11
1,0
1,0
1,0
1,0
1,0
1,0
1,0
1,0
2,0
1,0
1,0
1,0
0,15
1,9
2,0
1,0
1,0
1,0
1,0
0,11
1,0
2,0
1,0
1,0
1,0
1,0
1,0
1,0
1,0
1,0
3,0
0,9
1,0
0,1
1,0
1,0
1,0
0,2
0,1
1,0
2,0
2,0
0,18
1,0
0,15
1,0
2,0
1,0
1,0
0,12
1,0
2,0
0,13
1,0
1,0
1,0
2,0
1,0
1,0
1,0
1,0
1,0
2,0
0,4
1,0
1,0
0,10
1,15
1,12
1,1
1,0
2,0
1,0
2,0
0,16
1,0
1,0
1,11
1,0
1,0
1,0
1,0
0,1
1,0
1,0
1,0
1,0
1,0
1,0
1,0
0,4
2,0
1,8
2,0
2,0
0,4
1,0
1,0
1,0
1,0
1,0
3,9
0,4
1,0
1,0
3,0
1,25
1,0
1,0
1,0
0,9
0,13
1,0
1,19
1,0
0,11
1,0
1,9
0,16
1,0
2,0
0,2
0,10
1,0
0,25
1,0
1,0
1,0
0,7
1,0
2,0
2,0
2,0
2,0
1,0
4,0
2,0
1,0
0,4
2,30
1,0
1,0
0,1
0,15
1,0
1,0
1,0
0,7
1,0
3,15
6,0
1,0
2,15
3,11
2,0
0,4
2,0
2,0
1,0
2,0
3,4
2,0
1,0
0,10
0,11
1,0
0,1
1,0
1,19
1,14
3,15
1,0
1,0
1,0
1,3
1,0
0,19
1,0
2,31
2,0
1,0
1,6
1,0
1,0
0,6
2,0
1,0
0,4
4,0
1,16
1,0
0,19
2,0
1,0
0,17
1,0
1,0
2,0
3,0
2,0
0,9
1,0
1,0
1,0
1,0
1,0
1,0
1,0
0,22
1,0
1,0
2,10
1,0
2,0
1,0
1,0
0,11
0,7
1,0
0,19
1,0
1,0
2,0
0,8
1,0
1,0
1,0
1,0
0,11
0,10
2,0
2,0
1,12
2,0
1,0
3,0
2,0
2,9
4,11
3,17
3,0
2,0
1,0
2,0
2,0
3,0
0,5
1,2
0,10
1,0
2,16
1,0
1,15
2,3
0,19
1,0
1,0
2,29
1,17
1,0
2,0
2,0
2,0
3,0
2,0
2,0
0,10
0,12
3,15
3,10
2,0
0,7
5,11
0,15
2,0
2,12
2,0
2,0
2,0
2,0
3,0
1,0
3,9
1,10
1,0
1,0
1,13
0,9
1,0
1,0
1,0
0,9
2,0
1,0
1,0
0,27
1,0
3,3
1,0
1,0
1,0
0,3
1,0
0,1
1,0
0,3
1,0
1,0
1,0
0,22
1,0
1,0
1,0
0,5
1,0
1,0
0,9
1,0
1,4
1,0
2,0
0,22
1,0
2,0
2,0
2,12
2,0
2,10
1,0
2,0
1,0
1,0
2,13
1,0
0,6
1,0
2,0
2,0
1,0
5,0
2,0
1,0
1,0
1,0
1,0
1,0
1,0
2,0
1,0
1,0
1,0
1,0
1,0
3,0
0,13
1,0
1,0
1,3
2,0
2,0
2,0
1,9
1,0
1,0
1,0
2,0
2,0
2,0
1,0
1,0
2,0
2,0
1,0
1,0
2,0
1,0
2,0
2,0
2,0
1,0
1,0
1,0
1,0
1,0
0,5
1,0
1,0
0,7
1,0
1,0
2,10
2,0
2,0
2,0
3,0
3,9
1,0
1,0
2,0
2,0
0,14
1,0
0,8
2,0
2,0
2,0
1,0
1,0
2,0
2,0
1,0
1,0
1,0
0,17
1,0
2,0
1,0
0,11
1,0
1,0
1,0
1,0
0,18
1,0
1,0
1,0
1,0
3,20
0,7
0,14
1,0
1,0
2,0
2,0
1,0
1,0
1,0
1,0
0,12
1,0
1,0
1,0
1,0
1,29
5,0
1,0
1,0
1,0
2,0
1,0
1,0
1,0
0,16
1,0
3,0
1,0
1,8
1,0
1,0
1,0
0,4
0,17
1,0
1,0
2,0
1,0
1,0
1,10
4,0
4,37
3,8
3,0
2,0
2,0
2,0
2,0
1,0
1,0
1,0
1,0
1,0
1,0
1,0
1,4
1,0
2,12
4,0
0,8
1,0
0,32
2,14
1,0
1,0
1,0
2,0
1,0
1,0
1,0
1,15
3,15
0,27
1,0
1,0
1,0
2,0
1,0
2,0
1,0
1,0
1,0
1,0
1,0
0,8
1,0
1,0
1,0
1,0
6,0
5,0
1,9
1,8
2,2
1,0
1,0
3,0
1,0
1,0
1,0
1,0
1,0
1,0
1,0
2,0
2,0
2,0
3,0
1,0
1,0
1,0
2,0
2,0
1,20
1,0
0,9
2,0
1,0
1,13
1,0
1,0
1,0
1,0
1,0
0,1
1,0
1,0
2,0
1,0
0,14
2,0
0,8
1,0
1,0
1,0
1,0
0,12
1,0
1,0
0,14
1,0
1,0
1,0
1,0
1,0
1,0
1,0
1,0
0,4
1,0
1,0
0,1
2,0
2,0
0,2
0,6
1,0
1,0
0,8
1,0
1,0
1,0
0,3
1,0
1,0
1,0
1,0
0,23
2,0
1,0
1,0
1,0
1,0
1,15
1,0
1,0
1,0
1,0
1,0
1,0
1,0
1,0
1,0
1,0
1,0
1,0
1,0
0,8
1,0
0,20
1,18
2,0
1,7
0,1
1,0
1,0
1,0
1,0
1,0
1,0
1,0
1,0
1,0
1,0
1,0
2,0
2,0
1,0
0,8
1,2
1,0
0,15
0,14
1,0
2,0
1,0
1,0
1,0
1,0
0,8
3,0
1,0
1,0
1,0
1,0
1,0
1,0
2,0
1,0
0,4
2,0
1,0
0,9
2,0
1,0
3,0
0,10
1,0
2,0
1,0
0,9
1,0
1,9
1,0
2,0
1,0
1,0
2,0
1,0
2,0
1,0
1,0
1,0
1,0
0,9
1,0
0,20
1,0
1,0
1,0
2,0
0,16
1,0
0,14
1,0
1,17
1,0
2,0
1,26
1,0
1,0
1,0
3,0
2,19
1,0
1,0
1,0
1,0
1,16
1,0
1,0
2,9
1,0
4,0
0,15
1,0
0,9
0,7
0,31
1,0
1,0
1,0
1,0
0,9
0,15
1,0
1,0
1,0
3,0
1,0
1,0
0,4
1,0
1,0
1,0
1,0
3,0
1,0
1,0
1,0
0,13
0,8
1,18
2,0
1,0
2,0
1,0
1,0
1,0
2,0
0,9
0,20
1,0
1,0
1,0
1,0
1,0
0,9
1,0
3,0
1,0
0,9
1,0
0,10
1,0
1,0
0,6
1,0
1,2
1,0
0,9
1,0
1,0
1,10
1,3
2,1
2,0
1,0
1,0
2,0
1,0
1,0
0,18
0,13
1,0
1,0
4,0
2,0
2,0
6,0
3,0
1,0
0,29
2,0
1,0
1,0
1,0
1,0
1,0
2,0
1,4
1,0
1,0
1,0
0,13
1,0
1,0
1,0
1,0
1,0
1,0
1,0
1,0
2,10
3,0
1,0
1,0
1,0
1,0
0,17
1,0
3,0
2,14
2,0
1,0
1,0
2,0
2,0
1,0
2,0
3,9
2,13
1,0
0,6
1,7
1,0
2,0
1,0
1,0
1,0
1,0
1,0
0,8
1,0
1,0
2,0
1,0
1,0
1,4
2,0
2,0
3,0
0,1
1,0
0,18
1,21
1,0
1,0
1,0
1,0
1,0
0,27
1,0
1,13
1,0
1,0
1,0
1,0
1,0
1,0
1,0
1,0
1,0
0,5
1,0
1,0
1,0
1,0
0,28
2,0
1,0
1,0
1,25
1,11
1,0
2,0
1,26
1,0
1,0
1,0
1,0
1,0
1,0
1,0
2,0
1,0
1,0
1,0
1,0
0,4
0,13
1,0
1,0
1,5
1,0
1,0
1,22
2,13
1,0
1,0
1,0
1,0
1,0
2,0
0,7
1,0
1,0
1,0
0,15
1,0
1,0
1,0
1,0
1,0
1,0
1,0
1,0
1,12
1,0
3,0
1,0
1,0
1,0
1,0
0,6
1,0
1,0
1,0
1,0
1,0
1,0
1,0
1,15
2,0
1,0
1,0
1,0
0,12
0,25
1,0
1,0
2,0
1,0
1,0
1,0
1,0
1,0
0,12
1,0
1,0
1,0
1,0
1,0
1,0
0,15
1,0
0,3
1,0
0,9
2,0
2,0
0,18
1,0
2,0
1,11
1,0
1,0
1,18
0,1
2,0
1,0
1,0
1,0
1,0
2,0
2,0
0,23
1,0
1,0
0,5
1,0
2,0
0,18
1,0
1,0
1,0
7,0
2,0
1,0
1,0
1,0
1,0
0,14
2,7
1,0
2,20
2,0
1,0
1,7
1,0
1,0
0,21
1,0
1,0
1,0
1,0
2,0
1,0
0,8
1,0
2,13
2,0
2,0
1,0
0,13
2,0
2,0
1,0
5,0
1,33
2,0
2,5
1,0
1,0
2,0
1,11
2,0
3,0
1,0
1,0
1,0
1,0
0,24
1,0
2,0
1,0
3,0
1,0
2,0
1,0
1,0
1,0
4,0
3,8
1,0
0,1
1,0
1,0
1,0
1,0
0,3
0,7
1,0
2,0
1,0
2,0
1,0
0,3
1,0
0,15
2,0
2,0
1,0
1,0
1,0
0,11
1,0
2,0
1,11
1,0
1,0
1,0
4,0
0,2
1,0
2,0
1,0
1,0
0,14
1,0
1,0
1,0
2,17
2,22
2,20
1,0
0,9
1,0
0,6
1,0
1,0
0,6
1,0
1,0
0,14
1,0
1,0
1,0
1,0
1,0
1,0
1,0
0,6
1,0
1,0
1,0
1,0
0,1
1,0
0,9
1,0
1,0
2,0
0,19
1,0
1,0
3,14
1,0
1,0
1,0
1,0
1,0
3,0
1,0
1,0
0,17
0,13
1,0
1,0
1,10
4,0
1,0
0,17
2,0
0,8
1,0
2,0
1,0
0,5
1,0
1,0
1,0
0,10
2,0
0,8
1,0
3,38
3,0
1,0
0,7
1,0
1,0
2,0
0,5
1,0
1,0
2,0
2,0
2,4
1,0
1,0
3,0
1,0
1,0
1,0
1,0
1,0
1,0
1,0
1,0
1,0
1,0
1,0
1,0
1,0
1,0
1,0
1,0
0,13
1,0
0,11
1,0
1,0
1,0
2,0
1,0
1,0
1,0
1,0
1,0
1,0
1,0
2,0
0,13
3,12
1,0
1,0
1,0
1,0
1,0
0,14
1,0
1,0
1,0
1,0
1,0
1,0
0,11
1,0
1,0
1,0
1,0
1,0
1,0
1,0
2,0
1,0
1,0
1,0
1,0
1,0
2,0
1,0
3,0
1,0
2,0
1,0
1,0
1,0
1,0
1,0
3,0
0,16
1,12
1,0
1,0
1,0
1,0
1,0
1,0
1,0
1,0
1,0
0,8
1,0
0,14
1,0
2,0
1,0
1,0
1,0
1,0
0,11
1,0
1,0
1,0
2,0
1,0
0,2
1,0
0,14
1,0
1,0
1,0
2,0
1,64
1,0
1,0
1,0
1,0
1,10
1,0
1,0
1,0
1,0
1,0
1,0
1,7
1,0
1,0
1,0
1,0
1,0
1,0
1,0
1,0
2,0
1,0
1,0
1,0
1,0
1,0
1,0
1,0
1,0
1,0
1,0
0,9
1,9
1,0
1,0
1,0
1,0
1,0
1,0
1,0
0,12
1,0
1,36
1,0
1,0
1,0
1,0
1,0
1,0
1,0
1,0
1,0
0,19
1,0
1,0
1,0
1,0
0,1
0,13
0,13
1,0
1,0
1,0
1,0
1,0
1,0
1,0
0,7
1,0
0,2
1,0
0,16
1,0
1,0
1,0
1,0
1,38
1,0
1,0
1,0
2,0
1,0
1,0
1,0
0,23
1,0
2,0
0,30
1,0
1,0
1,0
1,0
1,0
1,0
2,0
1,11
1,0
1,0
1,0
2,0
0,8
1,0
1,0
1,0
1,0
1,0
1,0
1,0
1,0
1,0
1,0
1,0
1,0
1,0
1,0
1,0
1,0
1,0
1,0
1,0
1,0
1,0
1,0
1,0
1,0
1,0
1,0
1,0
1,0
1,0
1,0
1,0
1,0
1,0
1,0
1,0
1,0
1,0
1,0
0,16
1,0
1,0
1,0
1,0
1,0
1,0
1,0
0,8
1,17
1,0
1,0
0,32
1,0
1,0
1,0
1,0
2,0
0,14
1,0
1,0
2,0
1,0
1,0
1,0
1,0
1,0
1,0
0,22
1,0
1,5
1,0
1,0
1,0
0,13
0,3
0,5
1,0
0,16
0,13
0,8
1,0
1,0
1,0
0,1
0,13
1,0
1,0
1,0
1,0
1,0
1,0
1,0
1,0
1,0
1,0
1,0
0,9
1,0
2,0
4,0
1,0
2,0
2,0
0,8
2,0
2,0
0,20
1,0
1,0
0,11
1,0
0,6
1,0
1,0
0,13
1,0
0,9
1,0
1,0
0,6
1,0
0,1
0,22
1,0
1,0
1,0
1,0
1,13
1,0
1,0
0,7
0,20
1,0
1,0
1,12
2,0
1,0
1,0
1,0
0,14
1,0
0,19
0,18
1,0
0,19
1,0
0,17
0,14
0,22
1,0
1,0
0,13
1,0
0,7
0,13
1,0
1,0
1,0
1,0
1,0
1,0
0,10
4,0
1,0
1,0
1,0
0,5
1,0
1,0
1,0
1,0
0,12
1,0
0,19
1,0
1,0
1,0
1,0
1,0
1,0
1,0
1,0
1,0
1,0
1,0
1,0
1,0
1,0
1,0
1,0
0,8
0,13
0,10
1,0
0,14
1,0
0,7
0,15
0,5
1,0
1,0
0,11
1,0
0,10
0,14
4,0
1,0
1,0
0,10
1,0
1,0
1,6
1,0
0,12
1,0
0,10
0,22
1,0
1,11
1,0
1,0
2,0
1,0
1,0
1,0
0,9
1,0
1,0
0,3
0,10
1,0
0,11
1,0
2,11
1,0
0,11
1,0
0,9
1,0
0,16
1,0
1,0
1,0
0,8
1,0
1,0
0,6
1,0
0,2
0,5
2,0
1,0
1,0
0,16
1,0
1,0
1,0
1,0
1,0
0,8
1,0
1,0
1,0
0,23
2,0
1,0
1,0
1,0
1,0
0,22
1,0
1,0
1,0
1,0
0,13
0,7
1,0
0,6
1,1
0,5
2,0
1,0
1,0
1,0
1,0
1,0
1,0
1,0
1,0
1,0
1,0
1,0
1,0
1,0
1,0
1,0
1,0
1,0
0,20
1,0
1,0
1,0
1,0
0,6
1,0
1,0
1,0
1,0
1,0
1,0
1,0
1,0
1,0
0,8
1,0
0,7
2,0
1,0
0,28
1,0
1,0
1,0
1,0
1,0
1,0
0,17
1,8
2,0
1,26
1,0
1,0
1,0
0,8
1,0
1,0
2,0
0,13
1,0
1,0
1,0
2,32
1,0
1,0
1,0
1,0
1,0
1,0
1,0
1,0
2,0
2,0
3,0
0,8
1,0
1,0
1,9
1,0
1,39
0,22
2,14
1,0
1,0
1,0
2,0
1,0
1,14
1,0
2,0
1,0
1,0
1,0
1,0
1,0
0,13
1,0
0,46
1,0
1,0
1,0
1,0
1,0
1,0
1,25
1,0
1,0
2,0
1,0
1,0
1,0
1,0
1,0
1,0
1,0
1,0
2,0
1,0
1,0
2,0
1,0
1,0
2,0
1,0
0,10
1,0
1,0
0,1
1,0
1,0
1,0
2,31
1,0
2,0
1,0
1,11
1,0
0,8
1,0
1,0
2,30
4,9
3,26
2,0
3,1
1,0
1,6
1,0
1,0
1,0
1,0
1,0
1,0
1,0
1,0
1,0
1,0
1,19
1,10
1,0
1,0
2,0
0,14
1,0
1,0
1,0
1,0
1,0
0,3
1,4
2,0
2,10
0,16
1,0
2,0
1,0
1,0
1,0
1,0
2,0
1,0
1,0
1,0
1,0
2,16
2,11
1,0
1,0
1,0
1,0
1,0
1,0
1,0
0,4
0,16
1,0
0,2
1,0
1,0
2,0
2,0
0,4
0,1
1,0
2,0
1,0
0,13
1,0
1,0
1,0
1,0
1,0
1,0
0,15
1,0
1,0
1,11
1,0
1,0
1,0
1,0
1,0
1,0
2,0
2,0
2,31
2,36
1,0
1,0
2,20
2,22
1,0
1,0
1,0
1,0
1,0
2,0
2,0
1,0
1,0
1,0
1,0
1,0
0,2
1,0
1,0
2,0
1,0
1,0
1,0
2,0
2,0
1,0
0,17
1,0
1,0
1,0
0,29
1,0
1,0
1,0
1,0
1,0
0,24
2,0
1,0
0,10
1,24
1,0
0,7
2,0
2,0
0,3
0,15
1,0
1,13
1,0
1,0
1,24
1,0
1,0
1,0
2,0
1,0
1,0
1,0
1,0
1,0
1,0
1,0
1,0
0,2
2,13
2,0
0,6
1,0
1,0
0,6
1,0
1,0
1,0
0,6
1,0
0,28
2,0
1,0
2,0
1,26
1,0
1,0
1,0
0,10
1,0
1,0
1,0
1,0
1,0
1,0
0,4
1,0
2,15
1,0
1,0
1,0
1,0
0,22
1,0
2,0
1,16
1,0
1,0
0,9
0,7
1,0
0,30
1,0
1,0
1,0
0,21
2,18
1,0
1,0
1,0
1,0
1,0
1,0
0,9
1,0
1,0
1,0
1,0
1,0
2,0
0,17
1,0
1,0
0,5
1,0
0,2
1,0
0,2
0,2
0,12
1,0
0,30
1,0
1,0
1,0
1,0
1,0
1,0
1,0
1,0
0,16
1,0
1,0
1,0
1,0
1,0
1,0
0,25
1,0
1,0
1,0
1,0
1,0
1,0
0,15
1,10
1,0
1,0
1,0
1,0
1,0
1,14
1,0
2,0
2,13
1,0
1,0
0,15
1,0
0,2
1,0
1,0
0,2
0,28
1,0
1,0
1,0
1,0
1,12
1,26
1,0
1,0
1,0
1,0
1,0
0,13
0,5
1,0
1,0
0,2
0,1
2,0
0,8
1,0
0,17
1,0
1,0
0,20
1,0
1,0
1,0
1,0
1,0
0,8
1,0
1,0
1,0
1,0
1,0
1,0
1,0
0,13
1,0
0,1
1,0
0,3
1,0
0,7
1,0
0,1
1,0
0,3
1,0
0,7
0,8
0,14
1,18
2,0
2,0
1,0
1,0
1,0
1,0
1,0
0,1
0,31
1,18
1,13
1,0
0,1
0,4
1,8
1,3
1,0
1,0
1,0
1,0
1,0
0,18
1,0
1,0
1,0
2,0
1,0
1,0
1,0
1,0
1,0
1,0
1,0
1,0
1,0
1,0
1,0
1,0
1,0
0,2
1,0
1,0
1,0
1,0
0,12
1,0
0,11
1,0
1,0
1,0
1,0
1,0
0,17
1,0
2,0
1,0
1,0
1,0
0,2
1,0
1,0
0,8
0,1
0,17
1,0
1,0
0,15
1,0
0,21
1,0
1,11
0,19
1,0
1,0
1,0
1,0
1,0
1,0
1,2
1,0
0,6
1,0
1,0
1,0
0,3
0,13
1,0
1,0
0,21
0,2
0,5
0,1
0,1
0,5
0,15
1,0
1,0
1,0
1,0
0,16
1,0
1,0
1,0
1,0
1,0
1,0
0,1
0,6
1,0
0,2
0,8
1,0
1,0
1,0
0,31
1,0
1,0
2,0
1,0
1,0
1,0
1,19
1,0
0,3
1,0
2,0
0,17
1,0
0,16
0,17
1,0
1,0
0,18
1,0
0,5
0,1
2,0
0,2
1,0
1,0
0,15
1,0
1,0
1,0
1,0
1,0
0,1
1,0
0,10
1,0
0,28
2,0
1,17
1,0
0,11
0,17
1,0
1,0
1,0
0,20
1,0
1,21
1,0
1,0
1,0
1,0
1,0
1,0
1,0
1,0
1,0
1,0
1,0
0,17
0,18
1,0
1,0
2,0
1,0
1,0
1,0
1,0
2,0
1,0
1,0
2,0
1,0
1,0
1,0
1,0
1,0
1,0
1,0
1,0
0,24
1,0
1,0
1,0
1,0
0,4
1,0
1,0
1,0
1,0
0,21
1,0
1,0
1,0
1,0
0,17
1,0
1,0
1,0
1,0
1,0
1,0
1,0
1,0
1,0
1,0
1,0
1,0
0,4
1,0
1,0
1,0
1,0
0,4
1,0
1,0
1,0
0,3
1,0
1,0
0,13
1,0
1,0
1,0
2,0
1,0
0,2
1,0
0,7
0,11
0,4
0,7
1,0
1,0
1,0
1,0
1,0
1,0
1,0
0,12
1,0
1,0
1,0
1,0
1,0
1,0
1,0
0,11
1,0
0,38
1,0
0,12
1,0
1,0
1,0
0,6
1,0
1,0
0,24
1,0
1,0
0,2
0,9
0,2
1,0
0,6
1,0
1,0
1,0
1,0
1,0
1,0
1,0
0,12
1,0
1,0
1,0
1,0
0,5
1,0
1,0
0,9
0,8
0,23
1,0
1,0
1,0
1,0
1,0
0,16
1,0
1,0
1,0
0,10
1,0
1,0
0,9
1,0
1,0
1,0
1,0
1,0
0,7
0,19
1,0
1,0
1,0
1,0
1,0
1,0
1,0
1,0
0,18
1,0
1,0
1,0
1,0
1,0
1,0
1,0
1,0
1,0
1,0
1,0
1,0
0,15
1,0
1,0
1,0
2,0
2,0
1,0
1,0
1,0
1,0
