17,16
1,0
4,16
1,0
2,16
1,0
4,16
1,0
1,0
0,16
1,2
13,16
1,0
2,16
1,0
1,16
1,0
1,0
0,16
1,0
1,16
1,0
41,16
1,0
1,0
15,16
1,0
0,16
1,0
0,16
1,0
16,16
1,11
1,16
1,0
1,16
1,0
1,16
1,0
9,15
1,0
1,16
1,0
1,0
5,16
1,0
2,16
1,0
1,16
1,0
6,16
1,0
8,16
1,27
3,16
1,0
1,16
1,0
1,16
1,4
4,14
1,0
4,16
1,0
0,16
1,0
3,16
1,0
0,16
1,26
1,0
1,0
9,16
1,0
1,16
1,0
1,0
0,16
1,0
0,16
1,0
7,16
1,0
0,16
1,0
3,14
1,0
3,15
1,0
1,4
2,12
1,0
1,0
1,0
1,0
1,16
1,27
0,16
1,0
0,16
1,0
1,0
1,0
3,16
1,0
0,16
1,0
0,16
1,0
1,0
1,0
13,16
1,0
5,16
1,11
1,16
1,0
0,16
1,35
0,16
1,0
10,16
1,0
4,16
1,0
1,0
1,0
1,0
1,0
1,0
10,16
1,0
1,0
1,0
1,0
1,16
1,0
0,16
1,0
1,16
1,0
4,16
1,17
10,16
1,0
1,23
1,0
12,16
1,0
1,28
1,0
1,0
1,0
1,16
1,0
1,0
1,0
1,0
1,0
16,16
1,0
1,0
1,0
1,0
1,0
0,16
1,0
1,0
1,0
1,0
1,8
1,0
1,0
2,16
1,0
1,0
2,16
1,0
1,0
1,0
1,0
2,16
1,0
1,0
1,0
0,16
1,0
1,0
1,0
1,0
1,0
1,0
1,15
1,0
1,0
1,0
1,0
1,0
1,0
1,0
1,0
1,0
1,0
1,0
0,16
1,0
1,0
1,0
1,0
4,15
1,0
1,0
1,0
1,0
1,0
1,0
1,0
1,0
6,14
1,0
1,0
1,0
1,0
1,0
1,0
1,0
1,0
1,0
1,0
1,0
1,0
1,2
1,0
11,15
1,0
1,0
5,14
1,0
0,9
1,0
4,14
1,0
8,14
1,0
2,14
1,52
0,14
1,0
1,0
48,14
1,0
0,14
1,15
3,14
1,8
1,14
1,0
5,14
1,0
3,14
1,0
0,14
1,0
0,14
1,9
1,0
2,14
1,0
0,14
1,0
0,14
1,0
2,14
1,0
1,14
1,0
17,14
1,0
1,8
1,0
1,0
1,9
1,0
2,14
1,0
1,0
4,14
1,0
0,14
1,0
1,0
1,0
12,14
1,0
10,14
1,0
0,14
1,0
4,14
1,0
2,14
1,0
1,23
10,9
1,0
0,14
1,0
3,14
1,0
1,0
2,14
1,0
1,0
2,14
1,0
0,14
1,21
23,14
1,0
1,0
5,14
1,0
3,14
1,0
1,14
1,0
1,14
1,0
1,0
5,14
1,0
4,14
1,0
1,0
0,14
1,0
1,0
1,0
15,14
1,0
1,0
1,0
18,14
1,0
11,14
1,0
6,14
1,0
3,14
1,0
3,14
1,0
1,0
1,0
0,14
1,0
1,0
1,12
1,26
0,14
1,0
1,0
1,0
8,14
1,0
1,0
0,14
1,0
2,13
1,24
1,0
3,14
1,0
1,0
1,0
8,14
1,0
8,14
1,0
1,0
1,10
2,14
1,0
1,0
1,0
1,0
1,14
1,0
1,0
0,14
1,10
0,14
1,0
1,13
1,0
0,14
1,17
1,0
1,0
1,0
1,0
0,14
1,11
1,0
1,0
1,3
1,0
1,0
3,14
1,0
25,14
1,0
1,0
1,0
1,0
1,18
0,14
1,0
1,14
1,0
1,0
1,0
6,14
1,0
1,0
1,0
1,0
1,0
0,14
1,0
1,0
1,0
1,0
0,14
1,0
0,14
1,7
1,0
0,13
1,15
1,0
5,14
1,10
3,14
1,0
11,14
1,0
2,14
1,0
1,0
1,14
1,0
7,14
1,0
1,0
1,0
1,0
24,14
1,0
1,14
1,0
1,14
1,0
1,0
1,0
1,0
1,14
1,0
1,0
1,0
14,10
1,0
1,0
3,12
1,7
1,0
1,0
1,0
11,12
1,0
1,14
1,0
1,0
6,9
1,0
0,9
1,12
3,9
1,0
0,9
1,0
0,9
1,0
0,9
1,0
2,9
1,0
2,9
1,0
2,9
1,0
0,9
1,0
1,9
1,0
1,9
1,0
0,9
1,0
4,9
1,0
0,8
1,0
0,9
1,0
2,5
1,0
0,9
1,0
8,9
1,0
0,9
1,0
0,9
1,0
1,9
1,0
1,0
5,9
1,0
1,9
1,0
2,9
1,0
1,0
0,9
1,0
1,0
2,9
1,0
0,9
1,0
1,0
3,9
1,0
2,7
1,0
0,9
1,0
2,9
1,0
0,9
1,12
2,9
1,0
3,9
1,0
1,0
3,9
1,0
12,9
1,0
15,9
1,0
2,9
1,0
1,0
0,9
1,0
1,0
1,0
1,0
0,9
1,0
0,9
1,0
2,9
1,0
11,9
1,0
1,0
3,9
1,0
3,9
1,0
1,9
1,0
0,9
1,0
1,9
1,0
1,9
1,0
1,0
3,9
1,0
1,0
1,6
1,0
14,9
1,0
1,9
1,0
1,9
1,0
0,9
1,0
1,9
1,0
0,9
1,0
1,0
5,9
1,0
1,0
0,9
1,0
1,0
0,9
1,0
1,0
1,0
3,9
1,0
1,0
1,0
1,0
4,9
1,0
0,9
1,0
7,9
1,19
0,9
1,0
0,9
1,0
1,0
1,0
2,9
1,0
0,9
1,0
1,0
0,9
1,0
0,9
1,0
1,0
4,9
1,0
1,8
1,0
1,0
1,0
2,8
1,0
1,0
1,0
1,0
1,0
0,9
1,0
1,0
1,0
1,0
1,0
1,9
1,0
1,0
2,9
1,0
0,9
1,0
4,9
1,0
1,0
2,9
1,0
1,0
1,6
1,0
2,9
1,0
8,9
1,0
1,0
0,9
1,0
1,0
1,0
1,0
1,0
1,9
1,0
4,9
1,0
1,9
1,19
1,0
1,0
1,0
1,0
1,0
1,0
1,0
3,9
1,0
1,0
1,0
1,18
1,0
1,0
1,0
3,9
1,0
1,0
11,9
1,0
1,0
47,9
1,0
2,15
1,0
0,15
1,0
6,15
1,0
0,9
1,0
1,0
0,15
1,0
0,15
1,0
3,15
1,0
7,15
1,0
0,15
1,8
1,15
1,0
1,0
5,15
1,0
2,15
1,0
1,0
20,15
1,0
12,15
1,0
27,15
1,0
5,14
1,0
2,15
1,0
2,15
1,0
1,0
3,15
1,0
28,15
1,9
23,15
1,0
1,0
0,15
1,0
5,15
1,0
1,0
1,0
0,15
1,0
3,15
1,0
2,15
1,0
5,15
1,0
1,0
2,15
1,0
1,0
0,15
1,0
3,14
1,0
0,15
1,0
5,15
1,9
1,0
1,0
7,15
1,0
1,0
0,15
1,0
0,15
1,0
1,0
8,15
1,0
1,0
7,11
1,0
8,14
1,0
1,0
0,15
1,0
1,0
1,15
1,21
0,15
1,0
5,15
1,0
0,15
1,0
0,15
1,0
0,13
1,0
5,15
1,0
1,24
2,15
1,0
1,0
8,15
1,0
1,0
3,15
1,0
0,13
1,0
3,15
1,0
1,0
4,15
1,0
1,0
1,0
1,0
0,12
1,0
1,0
0,15
1,20
0,15
1,0
0,15
1,0
13,15
1,0
0,15
1,0
1,0
4,15
1,0
2,15
1,0
1,15
1,5
1,0
1,0
1,0
1,0
1,0
1,0
1,0
1,10
1,0
1,0
1,0
2,15
1,3
1,0
1,0
0,10
1,0
1,0
1,0
1,14
1,0
21,15
1,0
1,0
1,29
1,0
0,15
1,0
13,15
1,0
1,0
1,0
1,8
1,0
1,0
1,0
7,15
1,0
1,0
0,15
1,0
1,0
22,15
1,20
1,15
1,0
0,15
1,0
4,9
1,0
1,0
0,15
1,0
1,0
1,0
0,15
1,0
1,0
3,12
1,0
1,0
1,0
1,0
4,15
1,0
1,3
1,0
1,0
1,0
1,0
1,0
6,15
1,0
1,0
0,15
1,0
1,0
1,6
5,11
1,0
4,11
1,0
0,11
1,0
1,11
1,0
2,11
1,0
75,11
1,0
1,11
1,0
13,11
1,0
0,11
1,0
1,0
5,11
1,0
4,11
1,0
9,11
6,9
1,0
3,11
1,0
1,11
1,0
0,11
1,0
0,11
1,0
5,11
1,0
13,11
1,0
5,11
1,0
0,9
1,0
18,11
1,0
6,11
1,0
1,11
1,0
1,0
1,10
0,11
1,0
2,11
1,0
0,11
1,0
3,11
1,0
1,0
1,0
1,0
1,11
1,0
3,11
1,0
0,11
1,0
2,11
1,0
0,11
1,0
1,0
1,0
1,0
0,11
1,0
0,11
1,10
0,9
1,0
3,11
1,0
1,0
1,0
21,11
1,0
1,11
1,0
1,0
0,11
1,0
0,11
1,0
2,11
1,0
0,11
1,0
5,11
1,0
1,0
1,0
0,11
1,0
1,0
1,0
2,11
1,0
2,11
1,0
1,0
3,11
1,0
3,11
1,0
0,11
1,0
0,10
1,0
1,10
1,0
2,11
1,0
1,0
0,11
1,0
1,0
1,0
4,11
1,0
1,0
2,11
1,0
10,11
1,0
2,11
1,0
1,0
8,11
1,0
1,0
1,18
0,11
1,0
1,0
0,11
1,0
1,0
1,11
1,0
1,0
0,11
1,0
1,0
1,0
6,11
1,0
1,11
1,7
0,11
1,0
1,0
10,11
1,0
1,11
1,0
0,11
1,0
1,0
1,0
3,11
1,0
0,11
1,0
1,0
1,0
1,0
1,0
0,11
1,0
3,11
1,0
1,0
20,11
1,0
0,11
1,0
1,0
1,11
1,0
2,11
1,0
1,10
1,11
1,12
1,0
1,0
1,0
1,0
1,11
1,0
1,11
1,0
1,0
0,11
1,0
1,0
3,11
1,0
12,11
1,0
1,16
1,0
1,0
0,11
1,0
7,11
1,0
1,0
1,0
1,11
1,0
7,11
1,0
42,11
1,0
1,0
5,11
1,0
1,0
39,11
1,0
9,11
1,0
1,0
1,0
1,0
1,0
0,13
1,0
1,10
1,0
13,13
1,0
3,13
1,0
0,13
1,0
1,13
1,0
3,13
1,0
8,13
1,0
4,13
1,0
0,13
1,0
1,0
1,13
1,0
3,13
1,0
3,13
1,0
16,13
1,5
2,13
1,0
1,0
14,11
1,0
6,11
1,0
4,13
1,0
1,0
12,13
1,0
0,9
1,0
37,13
1,0
2,13
1,0
14,13
1,0
4,13
1,0
19,13
1,0
1,0
17,12
1,0
1,13
1,0
33,13
1,0
2,13
1,0
4,13
1,0
13,13
1,0
7,13
1,29
5,11
1,0
7,13
1,20
1,0
1,13
1,0
11,13
1,4
1,3
16,9
1,0
1,0
5,13
1,0
34,11
1,0
3,13
1,0
0,12
1,0
1,0
2,13
1,0
1,0
0,13
1,8
2,13
1,0
1,0
0,13
1,0
1,13
1,0
1,0
13,13
1,0
1,0
1,0
1,10
1,13
1,0
3,10
1,0
1,0
0,13
1,0
1,0
1,13
1,0
5,13
1,0
4,13
1,0
20,13
1,0
10,13
1,0
1,5
62,10
1,22
1,0
26,10
1,0
0,10
1,0
8,13
1,0
2,13
1,0
5,13
1,0
1,0
0,13
1,0
1,13
1,0
1,31
1,0
0,10
1,0
5,13
1,0
6,12
1,0
0,13
1,0
0,13
1,0
1,0
1,0
1,0
1,0
1,10
1,2
1,13
1,0
3,13
1,0
1,0
6,12
1,0
1,0
1,0
0,13
1,0
1,0
0,13
1,0
1,0
0,9
1,0
0,13
1,0
0,13
1,0
1,0
0,13
1,0
1,0
2,12
1,0
0,13
1,0
0,13
1,0
1,0
1,0
27,12
1,0
1,0
1,0
2,13
1,11
1,0
2,13
1,0
1,0
1,0
1,5
2,13
1,0
1,0
1,0
1,0
1,0
1,0
31,13
1,0
1,2
0,12
1,0
12,11
1,0
1,0
8,13
1,0
0,13
1,0
8,19
1,0
1,0
23,19
1,0
1,19
1,0
16,19
1,0
1,0
4,19
1,0
9,19
1,0
5,19
1,0
1,0
3,19
1,0
0,19
1,0
29,19
1,0
0,19
1,0
6,19
1,33
3,16
1,0
2,19
1,0
21,19
1,0
0,19
1,0
1,0
15,19
1,0
1,3
4,19
1,0
1,0
6,19
1,0
7,19
1,0
1,0
1,0
6,18
1,0
13,19
1,0
1,19
1,0
1,0
0,19
1,0
5,19
1,0
1,0
0,19
1,0
3,19
1,0
0,19
1,0
1,0
0,19
1,0
1,0
2,19
1,0
1,19
1,0
1,0
8,19
1,0
1,0
1,0
2,19
1,0
5,19
1,0
1,19
1,0
2,19
1,0
9,19
1,0
3,19
1,0
22,19
1,0
1,19
1,0
12,19
1,0
1,0
1,0
1,0
1,19
1,0
1,0
1,0
1,0
1,0
1,0
1,0
1,0
0,19
1,0
1,0
1,0
1,0
0,19
1,0
1,0
12,19
1,0
1,0
1,0
1,0
0,19
1,0
1,0
1,0
1,0
0,19
1,0
6,19
1,0
1,5
1,0
1,0
1,0
1,0
1,0
1,0
1,0
1,0
1,0
1,0
1,0
1,0
1,19
1,0
1,0
1,0
1,19
1,0
1,0
1,14
41,19
1,0
0,19
1,0
1,0
1,0
5,19
1,6
5,19
1,0
1,0
1,0
0,19
1,0
1,0
1,15
1,19
1,0
0,19
1,0
1,0
1,0
1,0
1,0
1,0
0,19
13,19
1,0
1,0
1,0
1,0
1,0
2,19
1,0
1,0
1,0
1,24
1,0
1,0
6,19
1,0
1,0
1,0
3,16
1,0
6,17
1,0
0,17
1,0
4,17
1,7
10,17
1,6
1,0
0,16
1,0
8,17
1,0
10,17
1,0
20,17
1,0
1,0
0,17
1,0
1,17
1,0
0,17
1,0
18,12
1,0
1,0
29,17
1,0
2,16
1,0
1,0
0,17
1,10
0,17
1,0
2,17
1,0
4,17
1,0
0,17
1,0
12,16
1,0
0,17
1,0
3,16
1,0
3,17
1,0
4,17
1,0
8,16
1,0
1,0
1,0
1,17
1,0
1,17
1,0
3,17
1,0
7,17
1,0
2,17
1,0
0,14
1,0
1,0
1,0
7,16
1,0
2,17
1,0
0,17
1,0
21,13
1,0
1,0
1,0
3,17
1,0
33,17
1,0
1,17
1,0
0,17
1,0
1,17
1,0
1,0
1,10
1,0
1,3
1,1
1,0
7,17
1,0
1,0
1,0
1,0
6,17
1,0
16,15
1,0
1,0
1,0
1,0
5,15
1,0
1,0
1,17
1,0
1,17
1,0
1,0
1,0
2,17
1,0
1,0
1,0
6,16
1,0
1,26
1,0
1,0
2,17
1,0
1,0
3,17
1,0
1,0
1,0
5,17
1,15
1,0
1,0
1,0
1,0
1,0
1,0
1,0
6,17
1,0
1,25
19,17
1,0
0,17
1,0
1,0
1,0
1,0
1,0
1,0
1,0
0,17
1,0
2,17
1,0
0,17
1,33
4,17
1,0
2,16
1,0
1,10
4,16
1,0
1,0
1,0
1,0
1,0
1,17
1,0
1,0
1,0
1,0
1,4
1,0
0,17
1,0
5,17
1,24
1,0
1,0
1,8
1,0
1,0
1,0
0,17
1,0
17,14
1,0
1,0
0,17
1,0
1,0
1,0
1,0
0,8
1,0
0,8
1,0
11,8
1,0
0,8
1,0
0,8
1,0
12,8
0,8
1,0
2,8
1,0
0,7
1,0
3,8
1,0
2,8
1,0
3,8
1,0
1,0
0,8
1,0
2,8
1,0
0,8
1,0
6,8
1,0
28,8
1,0
0,8
1,0
6,5
1,0
5,8
0,8
1,0
1,0
15,8
1,0
0,8
1,0
6,8
1,0
4,8
1,0
0,5
1,0
3,8
1,0
14,8
1,0
0,8
1,0
61,8
1,0
1,0
1,8
1,0
1,0
1,8
1,0
15,8
1,0
0,8
0,8
1,0
11,8
1,0
1,0
1,0
5,8
1,0
3,8
1,0
1,0
1,8
1,0
18,8
1,0
1,8
1,0
2,8
1,0
1,0
0,8
1,0
1,0
1,0
1,23
1,0
5,8
1,0
1,0
0,8
1,0
0,8
1,0
1,0
1,0
1,22
0,8
1,0
24,8
1,0
0,8
1,0
1,0
0,8
1,0
19,8
1,9
1,0
22,8
1,0
8,8
1,0
1,0
8,8
1,0
2,8
1,0
3,8
1,0
0,7
1,0
0,8
1,0
1,0
1,0
0,8
1,0
0,8
1,0
1,8
1,0
1,0
1,0
2,8
1,0
4,8
1,0
22,8
1,0
2,8
1,0
0,8
1,0
1,0
9,8
1,0
6,8
1,0
1,8
1,0
1,8
1,0
1,0
0,8
1,0
3,8
1,0
1,0
1,0
1,0
9,7
1,0
4,8
1,0
5,8
1,0
1,0
1,0
0,8
1,0
1,0
1,0
7,6
1,0
10,6
1,0
1,0
1,0
13,8
1,22
1,8
1,0
1,0
1,0
1,0
1,0
1,0
2,8
1,0
2,8
1,0
0,8
1,0
5,8
1,0
1,0
1,0
15,16
2,0
0,17
2,0
2,0
2,0
2,9
3,11
2,0
2,0
0,16
2,0
2,0
2,0
4,17
2,0
9,13
2,0
2,0
2,0
1,11
2,0
2,0
0,17
2,0
12,17
2,26
0,17
2,0
0,17
2,0
3,16
4,17
2,0
2,0
0,17
2,0
2,10
2,0
2,0
6,17
2,10
2,0
2,0
2,0
76,17
2,0
2,8
2,0
2,0
2,0
2,0
2,0
4,13
2,0
2,5
2,0
0,17
2,0
2,0
2,20
2,0
2,0
0,17
2,0
2,0
2,0
2,0
2,0
2,0
2,19
2,0
5,17
2,0
2,0
2,0
2,0
2,0
2,29
2,0
2,0
2,0
2,0
2,0
1,12
2,0
2,0
2,0
6,14
2,0
2,0
24,14
2,0
0,14
2,0
2,0
2,0
0,12
2,3
2,0
9,14
2,0
2,0
2,0
2,0
2,0
2,0
2,0
2,0
2,14
2,20
18,14
0,14
2,0
5,12
2,0
3,14
2,0
2,0
2,0
12,14
2,0
0,14
2,0
2,0
2,0
2,0
2,0
2,0
2,0
2,0
2,0
2,0
2,0
0,11
2,46
5,14
2,0
2,0
2,0
2,0
5,14
2,0
2,0
2,0
2,14
2,0
0,18
1,0
1,18
1,0
13,18
1,0
1,16
1,0
4,18
1,0
28,18
1,0
1,0
7,16
1,0
0,18
1,0
7,15
1,0
1,0
0,18
1,0
1,0
0,18
1,0
8,16
1,0
0,18
1,18
12,15
1,0
7,18
1,0
8,18
1,0
0,18
1,0
5,18
1,0
1,0
0,18
1,0
19,18
1,0
4,18
1,0
0,18
1,0
3,18
1,0
2,18
1,0
1,0
1,18
1,0
1,17
1,0
1,18
1,0
0,18
1,0
0,18
1,7
13,18
11,18
1,0
1,0
0,17
1,0
11,18
1,0
3,18
1,0
1,0
0,18
1,0
1,0
5,18
1,0
1,18
1,0
1,0
12,16
1,0
3,18
1,0
1,0
8,18
1,0
4,14
1,0
1,0
0,15
1,0
1,0
1,0
1,17
1,0
1,0
6,16
1,0
15,18
1,0
1,0
1,0
1,0
1,0
1,0
2,18
1,0
1,0
18,18
1,0
1,0
1,0
1,0
1,0
6,18
1,0
1,0
1,0
1,6
1,18
1,0
1,0
4,18
1,0
1,0
1,0
1,0
1,0
1,17
1,0
1,20
1,0
1,0
1,28
1,0
1,0
6,15
1,0
1,0
1,0
2,18
1,0
1,58
1,0
1,0
1,0
1,0
1,0
3,18
1,0
1,0
1,0
1,0
17,17
1,0
0,16
1,0
1,0
1,0
1,0
1,0
1,0
1,0
0,12
1,0
4,12
1,0
3,12
1,0
1,0
3,12
1,0
0,12
1,0
0,11
1,0
1,0
1,12
1,0
1,12
1,0
4,12
1,0
4,12
1,0
1,0
5,12
1,0
1,12
1,0
0,12
1,0
1,0
27,12
1,0
3,12
1,0
9,9
1,0
0,12
1,0
1,12
1,0
1,8
2,12
1,0
1,12
1,0
4,12
1,0
0,12
1,0
33,12
1,0
0,12
1,0
8,12
1,0
0,12
1,0
1,0
1,12
1,0
1,0
5,12
1,0
1,0
5,12
1,0
2,12
1,11
1,12
1,0
1,0
10,12
1,0
2,12
1,0
1,0
1,0
1,0
1,0
1,0
2,12
1,0
1,11
1,0
1,0
6,12
1,0
0,12
1,26
1,0
1,0
55,12
1,0
1,4
1,12
1,4
21,7
1,0
0,12
1,0
1,0
1,0
1,0
58,12
1,0
5,12
1,0
1,0
1,0
21,12
1,0
6,12
1,0
5,12
1,0
1,0
1,0
4,12
1,0
9,12
1,0
3,12
1,0
1,0
1,0
1,0
9,12
1,0
1,0
42,12
1,0
1,0
2,11
1,0
7,7
1,0
1,0
2,12
1,0
1,0
1,0
2,12
1,0
3,12
1,0
3,12
1,0
1,0
0,12
1,0
1,0
1,31
8,12
1,0
1,12
1,0
1,0
1,0
5,12
1,0
1,0
1,0
1,0
1,0
0,12
1,0
0,9
1,0
8,12
1,0
8,12
1,0
1,0
2,0
2,0
2,0
2,0
2,0
0,16
2,0
2,0
29,16
2,0
2,0
2,0
2,0
2,0
2,0
5,16
2,0
0,16
2,0
2,0
2,16
2,0
2,0
2,0
2,0
2,0
2,0
2,0
2,0
0,16
2,11
5,16
2,0
4,15
0,16
2,0
2,0
2,3
2,0
2,0
2,0
2,0
2,0
2,26
2,0
2,0
2,0
7,16
15,16
2,0
2,0
2,0
2,0
2,54
2,0
2,0
2,0
2,0
2,0
2,0
2,34
2,0
0,16
2,0
2,0
2,0
0,15
2,0
2,0
2,0
2,0
1,15
2,0
2,0
2,11
2,0
8,15
2,0
2,0
1,15
2,0
2,0
2,0
0,15
2,0
2,0
2,0
2,0
2,0
2,0
2,15
2,0
1,15
2,24
3,15
2,0
2,0
2,0
2,0
2,0
2,36
7,15
2,0
2,0
2,0
30,15
2,5
2,0
3,10
2,0
2,0
5,15
2,0
16,11
2,0
2,41
2,0
2,9
0,15
2,0
11,15
2,0
2,6
2,7
2,0
2,6
0,15
2,0
2,0
2,16
2,0
2,0
3,13
2,0
11,13
3,13
2,0
2,13
2,0
2,0
16,13
2,0
7,13
2,13
2,0
2,0
2,0
2,0
0,13
2,0
2,0
0,13
2,0
2,13
2,12
2,0
3,13
0,13
2,0
2,0
1,12
2,21
2,6
4,13
2,0
2,0
2,0
2,0
2,0
2,5
2,23
2,13
2,0
2,0
2,0
2,0
9,11
2,0
2,0
2,0
7,13
2,0
2,22
2,0
3,13
2,0
2,24
1,10
2,0
2,0
2,0
2,0
2,0
2,6
2,0
2,0
1,13
2,0
2,0
4,12
2,0
2,0
2,0
2,0
2,0
0,11
2,0
11,11
2,0
0,11
0,11
2,0
2,0
6,11
0,11
2,32
2,0
2,0
2,10
0,11
2,0
2,0
2,0
0,11
9,11
2,0
2,0
2,12
2,0
20,10
3,11
2,0
2,0
2,0
2,0
2,0
7,11
2,0
5,11
2,0
2,0
2,3
2,0
2,0
4,11
2,10
4,11
2,0
5,11
2,0
11,11
2,0
9,11
2,0
41,9
2,0
2,0
1,11
2,0
2,0
2,0
2,0
2,0
2,0
4,11
2,0
2,0
2,0
2,0
28,11
2,0
2,32
2,0
2,11
2,0
3,11
2,0
2,0
2,0
15,23
1,0
0,18
1,0
1,0
21,21
1,0
1,0
32,23
1,0
12,20
1,0
1,0
29,18
1,0
3,23
1,0
1,0
4,23
1,0
1,0
7,22
1,0
1,0
0,23
1,0
1,21
1,0
2,23
1,0
35,20
1,0
4,15
1,0
1,0
0,23
1,0
1,0
1,0
0,23
1,0
1,0
0,23
1,6
1,0
0,23
1,0
12,22
1,0
6,23
1,0
1,0
13,23
1,0
1,0
1,0
5,17
1,0
1,0
0,23
1,0
1,0
1,0
5,18
1,0
1,0
15,23
1,0
1,0
1,0
1,0
8,23
1,0
1,19
1,0
1,0
10,23
1,4
8,23
1,0
1,0
5,23
1,0
2,22
1,0
5,23
1,0
1,0
1,0
1,0
1,0
10,23
1,0
6,20
1,11
1,33
0,19
1,0
1,0
0,23
1,0
1,0
1,0
1,0
0,23
1,0
1,0
1,0
1,23
1,0
1,0
1,0
1,0
1,0
1,0
1,0
1,0
1,0
1,0
1,0
1,0
1,0
1,5
1,0
1,0
1,0
1,0
1,0
1,0
1,0
1,0
1,0
1,0
1,0
1,0
1,0
1,0
7,23
1,0
1,0
1,0
0,23
1,0
0,16
1,0
0,21
1,0
4,21
1,0
1,0
1,0
3,21
1,0
9,21
1,0
1,21
1,0
1,0
29,21
2,21
1,0
3,21
1,0
1,19
1,0
1,21
1,0
0,21
1,0
10,17
1,0
1,0
3,21
1,0
0,21
1,0
4,19
1,0
1,0
5,21
1,0
10,14
1,0
17,21
1,0
0,21
1,0
0,20
1,0
5,21
1,0
2,21
1,0
2,21
1,0
1,21
1,0
1,0
1,0
1,0
21,20
1,0
0,20
1,0
1,0
0,21
1,0
1,0
36,21
1,0
1,0
1,0
1,0
1,0
1,0
1,21
1,0
1,0
16,21
6,12
1,0
4,16
1,0
1,0
1,0
1,0
3,21
1,0
3,21
1,0
1,0
1,0
1,0
8,21
1,0
1,19
1,0
3,21
1,25
1,10
1,0
1,0
1,0
1,0
1,0
1,0
4,20
1,0
1,0
1,0
1,0
4,21
1,0
1,0
1,0
1,0
0,21
1,0
1,0
1,0
0,16
1,0
6,19
1,0
1,0
1,0
1,0
1,0
1,0
1,0
1,0
1,0
1,0
1,0
1,0
1,0
1,0
1,0
1,0
1,0
1,0
1,0
3,21
1,0
1,0
0,21
1,0
1,0
1,0
1,0
7,20
1,0
3,20
1,0
25,20
1,0
5,20
1,0
4,14
1,0
2,20
1,0
18,20
1,0
1,0
1,0
17,19
1,0
1,0
14,20
1,0
1,0
20,20
1,0
18,20
1,0
5,20
1,0
1,0
8,13
1,0
4,20
1,0
6,19
1,0
7,20
1,0
1,0
0,20
1,0
0,20
1,0
0,16
1,31
1,0
5,20
1,0
18,19
1,16
30,20
1,0
1,20
1,0
0,20
1,0
0,20
1,0
3,16
1,0
1,0
9,19
1,0
11,18
1,0
1,0
1,0
1,0
15,18
1,0
1,0
1,0
3,20
1,0
1,0
1,22
1,0
1,20
1,0
3,16
1,0
1,10
1,0
1,0
1,0
1,0
5,20
1,0
1,0
1,0
1,0
3,19
1,0
1,0
2,18
1,0
1,0
1,0
0,20
1,0
14,18
0,17
1,0
1,0
0,15
1,0
1,0
0,20
1,0
0,20
1,0
1,0
1,0
2,20
1,0
2,20
1,0
1,0
6,20
1,9
1,0
0,18
1,0
1,0
1,0
0,20
1,0
1,0
1,0
1,0
1,0
0,20
1,0
5,20
1,24
1,23
1,0
1,0
1,0
1,0
1,0
1,0
1,0
0,19
2,0
2,0
2,0
2,0
2,0
2,0
2,0
2,0
29,19
2,0
2,0
20,19
2,0
0,15
2,0
2,0
2,0
2,0
2,0
2,0
0,19
1,19
2,0
2,0
7,19
2,0
2,0
2,0
1,19
2,0
2,0
2,0
0,19
2,10
2,0
2,0
9,18
2,0
2,0
2,0
2,0
2,0
2,0
1,19
2,0
2,0
2,0
2,0
2,0
2,0
2,0
2,31
2,0
2,0
2,0
2,0
2,0
0,9
2,0
8,9
2,0
0,9
4,9
2,20
3,9
2,6
2,0
21,9
2,0
5,9
2,0
2,0
2,0
2,0
2,0
13,8
2,0
2,0
2,0
2,0
0,9
2,0
8,9
2,0
2,32
2,0
2,0
2,0
1,9
2,0
2,0
2,0
5,9
2,0
2,0
2,0
2,17
4,9
2,0
0,9
2,0
12,9
2,0
2,0
2,0
2,0
2,0
2,0
9,9
2,0
4,9
2,0
2,0
3,9
2,0
23,18
2,0
0,18
2,0
2,0
21,15
2,0
2,0
2,0
0,16
2,31
2,0
6,18
2,0
2,0
2,0
2,16
8,18
2,0
2,0
2,0
2,0
2,0
2,0
2,0
2,0
2,0
2,0
0,15
2,0
2,0
2,0
2,0
3,15
2,0
2,0
2,0
2,0
2,0
10,18
2,20
2,0
1,14
2,0
2,0
2,27
2,0
2,0
2,0
2,0
2,0
2,0
2,0
2,0
2,0
3,0
3,0
3,0
0,14
3,0
5,14
3,0
3,29
3,0
3,0
3,0
15,12
3,0
3,0
3,0
3,0
5,14
3,0
3,0
3,26
3,14
3,0
3,6
3,0
3,0
3,11
3,4
3,0
3,0
3,0
25,13
3,0
3,0
3,0
3,0
0,22
1,0
12,22
1,0
7,22
1,0
1,0
40,20
1,0
7,22
1,0
6,22
1,0
4,22
1,0
0,22
1,0
0,22
1,0
1,0
8,21
1,0
0,22
1,0
1,0
6,22
1,0
0,22
0,19
1,0
10,22
1,15
2,22
1,0
0,22
1,0
0,22
1,0
6,22
1,0
0,22
1,0
7,22
1,0
0,22
1,0
1,0
1,0
1,0
1,0
4,22
1,0
15,22
1,0
8,22
1,0
1,0
1,0
0,22
1,0
1,0
1,0
7,20
1,0
1,0
1,0
5,13
1,0
1,0
1,0
1,0
1,0
6,22
1,0
1,0
1,0
0,22
1,0
1,0
23,19
1,0
0,22
1,0
2,22
1,0
1,20
1,0
3,22
1,0
1,0
1,1
1,0
1,0
1,0
1,0
1,0
1,0
5,14
1,0
1,0
1,0
1,0
1,0
0,21
1,0
1,0
1,0
1,0
1,0
13,22
1,0
1,0
1,22
1,0
1,0
1,0
1,0
1,0
28,19
1,0
1,4
4,22
1,0
1,0
1,0
1,0
1,0
1,0
1,0
2,0
7,12
2,0
0,12
2,0
13,12
2,7
2,12
2,0
1,7
2,0
6,12
2,0
2,0
2,0
11,12
2,0
0,12
1,12
2,0
0,12
2,0
18,12
2,6
12,8
2,3
2,16
2,12
2,0
2,0
16,12
2,12
2,0
2,0
2,12
2,0
2,0
5,12
2,12
2,0
2,0
0,12
2,5
2,0
15,10
2,0
2,0
0,10
2,0
4,12
2,0
2,0
2,0
13,12
2,0
2,0
4,12
2,0
2,0
2,0
2,22
0,12
2,0
2,0
0,10
2,91
2,0
2,0
3,0
3,0
5,9
3,0
3,0
1,8
0,9
4,9
3,0
19,9
1,9
3,0
3,0
0,9
3,0
3,10
3,0
3,34
3,2
3,0
3,0
3,0
3,2
3,0
2,9
3,0
3,0
3,25
3,0
3,0
3,0
3,0
0,9
3,0
6,9
3,0
15,9
3,0
3,0
9,16
3,0
3,0
3,0
3,0
3,0
1,16
3,0
3,12
3,0
3,0
3,0
3,0
0,16
3,0
3,0
3,0
4,16
3,0
3,0
3,0
3,1
3,0
3,0
3,7
3,0
3,0
3,0
3,0
3,0
8,25
1,0
2,29
1,0
3,29
1,0
2,29
1,0
0,29
1,29
1,0
1,0
0,29
1,0
1,0
0,29
1,0
0,25
1,0
1,0
5,29
1,0
8,29
1,0
1,0
1,0
1,0
5,29
1,0
13,25
1,0
1,0
0,22
1,0
1,0
2,29
1,0
1,0
1,0
1,0
1,0
1,0
0,29
1,0
1,0
0,29
1,0
1,0
1,10
1,0
1,2
1,0
1,0
1,0
1,0
0,29
1,0
1,0
8,29
1,0
1,9
1,0
1,0
1,0
3,29
1,0
1,0
1,0
1,0
1,0
1,0
2,19
1,0
1,0
1,0
1,0
1,0
1,0
1,0
1,0
1,0
1,0
1,0
1,0
1,0
1,0
1,0
1,0
1,0
1,0
1,0
1,0
0,29
1,0
1,0
1,0
1,0
1,0
1,0
1,0
1,0
1,0
1,0
1,0
1,0
1,0
1,0
1,0
1,0
1,0
3,0
3,24
3,0
3,0
3,8
3,0
3,0
3,0
3,0
3,0
3,0
3,0
3,0
3,0
3,0
3,0
3,0
3,0
3,0
3,4
3,0
3,0
3,0
3,0
4,0
0,13
4,23
4,8
0,13
4,0
6,13
0,13
4,0
4,0
1,12
6,13
0,13
4,0
4,31
1,11
4,0
4,0
1,13
4,0
4,0
0,13
0,13
4,0
4,0
3,13
4,0
3,0
3,0
3,0
3,0
17,20
3,0
3,0
3,0
3,0
2,20
3,0
3,0
5,20
3,0
0,20
3,0
3,0
2,15
3,0
0,18
3,0
10,20
3,0
3,0
3,0
0,20
3,10
13,20
3,0
3,0
3,0
3,0
5,20
3,8
3,0
3,0
3,0
3,0
4,0
4,0
4,0
7,15
4,0
4,0
4,0
4,0
4,0
4,0
4,0
4,9
4,0
4,0
4,0
4,0
4,0
4,0
4,10
4,3
4,0
4,0
0,19
8,21
5,16
3,0
8,18
3,0
0,21
3,0
3,0
5,21
3,0
3,0
25,18
3,0
3,0
3,0
3,1
3,0
3,10
3,0
3,30
3,0
3,0
3,0
3,0
3,0
3,0
3,0
4,18
3,0
3,0
3,0
3,0
3,0
3,0
3,0
3,0
3,0
0,12
6,12
3,0
3,29
3,0
6,12
0,12
3,0
1,12
3,10
3,0
3,0
3,0
3,0
3,0
3,12
3,0
3,0
3,0
3,0
1,12
3,0
3,0
3,0
3,30
1,0
5,6
1,0
9,6
1,3
0,6
1,0
8,6
1,0
1,0
0,6
1,0
1,0
1,0
3,6
1,0
4,6
1,0
1,6
1,0
0,6
1,0
1,0
1,0
7,6
1,0
0,6
1,0
0,6
1,0
7,5
1,0
0,6
1,0
1,0
1,0
0,6
1,0
1,0
0,6
1,0
0,6
1,0
5,6
1,0
1,0
1,0
0,5
1,0
3,6
1,0
0,6
1,0
0,6
1,0
2,6
1,0
1,0
0,6
1,0
1,20
20,6
1,0
1,0
1,0
17,6
3,6
1,0
1,0
1,0
12,6
1,0
0,6
1,0
1,0
0,6
1,0
4,6
1,6
1,0
5,6
15,6
1,0
1,0
4,6
1,0
0,6
1,0
7,6
1,0
1,0
1,0
9,6
1,0
1,0
1,0
1,0
2,6
1,0
2,6
1,0
1,0
6,6
1,0
1,0
1,0
6,6
1,0
1,0
0,6
1,0
1,0
6,3
1,0
1,0
1,0
0,6
1,0
24,6
1,0
1,0
1,0
5,0
5,0
1,13
5,0
5,0
5,0
5,0
5,0
5,0
5,31
5,13
5,21
5,0
5,0
3,0
3,0
3,0
3,0
3,0
3,0
3,0
3,0
3,0
3,18
3,0
3,17
3,7
3,0
3,0
3,10
3,0
3,0
3,0
3,0
3,5
3,0
3,0
3,0
3,0
2,0
2,0
2,0
2,0
2,0
2,25
2,0
2,0
2,0
2,0
30,20
2,0
2,0
2,0
2,0
2,8
2,0
0,21
2,0
2,0
2,0
2,1
2,0
2,10
2,0
2,0
2,0
2,0
2,0
2,0
2,0
2,0
2,0
2,0
2,0
5,0
5,0
9,12
0,12
5,0
5,0
16,12
5,0
12,12
1,11
5,0
5,0
5,12
5,0
5,0
5,0
0,12
5,0
5,0
3,0
3,0
3,0
3,0
3,21
3,5
3,0
3,0
3,0
3,0
3,0
3,0
3,0
3,0
3,34
3,0
3,0
3,0
3,0
3,0
3,0
3,0
3,0
3,0
3,11
3,0
3,0
3,0
1,9
3,0
3,11
3,0
8,9
3,0
9,11
3,0
3,0
3,0
3,0
3,0
3,21
3,48
5,11
3,0
3,0
3,0
3,0
3,0
3,0
3,0
3,0
5,0
0,11
5,0
5,0
5,24
5,26
0,11
5,0
5,0
0,10
5,0
5,0
1,26
1,0
1,0
13,26
1,0
3,26
1,0
0,25
1,0
1,26
1,0
1,0
8,26
6,26
1,0
5,26
1,0
8,26
1,0
1,1
3,26
1,0
1,0
1,0
1,0
0,26
1,0
1,0
14,26
1,0
1,0
1,0
1,0
1,0
1,0
1,0
1,0
1,0
1,0
1,0
1,0
1,0
2,22
1,0
1,0
1,0
1,0
31,26
1,0
1,0
1,0
4,26
1,0
0,26
1,0
1,0
1,0
28,26
1,0
1,0
2,25
1,0
1,0
1,0
1,0
1,0
1,0
1,0
1,0
1,0
1,0
1,2
1,0
1,0
1,0
1,0
4,26
1,0
1,27
1,26
1,0
1,0
1,0
1,0
1,0
1,0
1,24
1,0
1,0
1,0
1,10
1,0
1,0
8,10
1,0
0,10
1,0
0,10
1,0
1,0
18,5
1,8
1,0
1,0
25,10
1,0
1,0
17,10
1,0
1,0
1,0
75,9
1,0
1,0
18,7
1,0
1,0
1,0
8,10
1,0
11,10
1,0
1,0
1,0
0,10
1,0
0,10
1,0
0,10
1,0
1,0
3,10
1,30
3,10
1,0
13,10
1,0
13,10
1,0
1,0
0,10
1,5
3,10
1,0
1,10
1,0
0,10
1,0
1,10
1,0
1,0
0,10
1,0
1,0
1,0
1,0
1,0
6,8
1,0
0,10
1,0
4,10
1,0
2,9
1,0
0,10
1,0
1,0
1,0
10,10
1,0
1,0
21,10
1,0
1,0
2,10
1,0
9,8
1,0
1,0
4,10
1,0
1,0
1,0
0,10
1,0
1,0
1,0
1,10
1,0
1,0
1,0
1,0
0,10
1,0
1,2
6,10
1,5
20,10
1,0
3,10
1,0
3,10
1,0
0,10
1,0
6,0
6,0
6,0
6,0
6,0
6,0
0,7
6,0
6,0
6,0
6,0
2,0
2,2
2,0
4,7
2,0
6,8
2,0
2,0
2,0
0,8
2,0
2,0
0,8
1,8
2,0
2,0
0,8
2,0
8,3
4,7
2,0
0,8
0,8
2,0
2,0
2,0
2,0
2,0
2,0
2,0
0,8
1,8
2,0
0,6
2,6
4,7
2,0
4,7
2,0
12,7
2,3
2,0
2,0
0,8
2,0
2,0
0,8
2,0
1,8
2,0
2,0
4,22
2,0
2,0
2,0
2,0
2,33
2,0
2,0
2,0
2,0
2,0
2,0
2,0
2,0
2,0
2,0
2,0
2,0
2,0
2,0
5,19
2,0
2,0
2,0
7,22
2,0
2,0
2,0
7,22
2,0
2,0
2,0
2,0
2,0
2,27
2,0
2,0
2,0
2,6
2,0
18,15
5,0
5,0
5,0
1,15
5,0
5,0
5,0
5,0
5,0
12,14
5,0
1,14
5,0
5,0
5,0
3,0
3,0
3,0
3,0
3,0
3,0
3,0
3,3
3,0
0,10
3,0
9,15
3,0
3,0
3,0
3,0
3,0
3,0
3,0
3,0
3,0
3,0
3,0
3,0
3,0
3,0
3,0
3,0
3,0
3,0
3,0
3,0
3,0
3,0
3,0
3,0
3,0
3,0
3,0
3,0
3,0
3,0
3,24
3,21
3,5
4,18
3,0
1,0
9,31
1,0
1,31
1,0
4,31
1,0
1,0
12,31
1,0
1,0
1,0
0,31
1,0
0,31
1,0
1,0
1,0
0,31
1,0
1,0
0,31
1,0
0,29
1,0
2,31
1,0
1,0
1,3
1,0
20,31
1,4
1,0
1,0
1,0
1,0
1,0
1,0
5,31
1,0
1,0
1,31
1,0
1,0
1,0
1,30
1,0
1,0
1,0
0,31
1,0
1,0
1,0
1,0
1,0
1,0
1,0
2,28
1,0
1,0
1,0
1,0
1,0
1,0
1,0
1,0
1,0
1,0
1,0
1,0
1,0
1,0
1,0
1,0
1,0
1,0
1,0
1,0
1,0
1,0
1,2
1,0
1,0
1,0
4,0
4,0
4,0
4,0
4,0
4,0
4,0
4,0
4,0
4,0
4,0
4,0
4,0
4,0
4,0
4,4
4,0
18,15
4,18
4,0
4,0
4,0
4,0
4,0
4,3
4,0
4,0
3,12
4,0
4,0
4,0
4,0
4,0
15,15
4,0
4,0
4,0
4,0
4,0
4,3
4,0
4,0
4,1
4,0
4,0
4,0
4,91
4,0
4,0
4,0
0,12
5,0
5,0
5,0
5,10
5,0
5,0
5,0
5,0
5,0
4,0
4,0
4,0
4,0
4,0
4,0
4,0
4,0
4,0
0,12
4,0
4,0
4,0
4,0
4,10
4,0
4,0
4,0
4,9
0,24
1,0
6,23
1,1
2,25
1,0
1,0
4,20
1,0
7,25
1,0
5,23
1,0
11,25
1,0
0,19
1,0
1,0
0,22
1,0
12,24
1,0
14,24
1,0
10,25
1,0
1,0
1,0
1,0
1,0
7,22
1,0
1,0
1,0
1,0
1,0
1,0
1,0
1,23
1,0
1,0
0,20
1,0
10,16
1,0
1,0
0,25
1,0
1,0
1,0
1,0
1,0
1,21
1,7
45,25
1,0
1,0
1,0
5,18
1,0
2,22
1,0
1,0
1,0
1,0
1,0
1,0
1,0
1,0
1,0
1,0
32,25
1,0
2,23
1,0
1,0
1,0
1,0
17,22
1,0
1,0
1,0
1,0
1,0
1,0
1,0
1,0
1,0
1,0
1,0
4,24
1,0
1,0
1,0
1,0
2,5
28,18
2,0
2,0
2,0
2,0
2,0
2,0
2,0
7,12
2,0
2,0
2,0
2,0
2,0
2,0
2,0
2,0
2,0
2,0
2,0
2,0
2,0
2,0
2,0
2,0
2,0
2,0
2,0
2,5
2,0
2,0
0,7
1,0
44,7
1,0
1,0
0,7
1,0
11,7
1,0
0,7
1,0
0,7
1,0
0,6
1,0
1,7
1,0
0,7
1,0
14,5
1,0
1,0
1,7
1,0
1,0
1,0
13,7
1,0
3,7
1,0
0,7
1,0
15,7
1,0
5,7
1,0
0,7
1,5
10,7
1,0
0,7
1,0
0,7
1,0
1,0
0,7
1,0
3,6
1,0
1,0
5,7
1,0
0,7
1,0
1,0
1,0
1,0
7,7
1,0
0,7
1,0
0,7
1,0
0,7
1,0
1,0
1,0
1,0
1,0
1,0
8,7
2,7
1,0
1,0
1,7
1,0
0,7
1,0
4,7
1,0
3,7
1,0
13,6
1,0
24,7
1,0
0,7
1,0
1,0
1,0
1,0
6,7
1,0
0,7
1,0
1,0
8,5
1,0
1,0
1,0
1,0
0,7
1,27
1,0
1,0
1,0
1,0
1,0
0,6
1,0
0,7
1,0
5,0
5,0
5,0
5,0
5,0
5,0
5,0
5,6
4,78
5,0
5,0
5,0
5,6
5,0
5,0
5,0
5,0
0,16
5,10
5,0
5,5
5,0
5,0
1,14
5,0
5,0
5,0
5,5
5,0
5,0
33,14
5,0
5,33
5,0
5,33
5,0
5,19
5,30
5,35
5,0
5,0
5,0
5,0
5,0
5,0
5,10
5,0
5,0
0,8
3,0
3,0
0,7
3,0
3,0
3,5
13,8
3,8
3,0
7,8
3,0
3,0
3,0
3,0
0,8
3,0
0,8
3,0
3,0
3,0
3,0
3,6
3,0
3,0
3,0
1,7
3,0
2,8
3,0
2,0
2,24
16,23
2,0
2,0
2,0
0,22
2,0
2,0
13,23
2,12
2,0
2,0
2,0
4,16
2,0
2,0
2,0
1,17
2,0
2,0
0,23
2,0
2,0
2,0
2,0
2,0
2,0
2,0
2,0
2,0
2,0
2,0
2,0
2,0
2,0
2,0
4,0
4,0
4,24
4,0
4,0
17,14
4,0
4,0
4,0
4,0
4,0
4,0
4,0
4,29
4,0
4,0
4,0
4,0
4,11
4,0
4,4
4,0
4,0
4,0
4,24
4,0
4,0
4,0
4,70
8,11
2,0
2,0
0,10
2,0
6,10
2,0
0,7
2,0
4,10
2,0
1,10
2,0
6,7
4,10
2,0
2,0
13,10
8,10
2,0
24,7
13,9
3,10
2,0
2,0
2,0
2,0
4,10
1,9
2,0
0,10
2,35
2,0
2,0
2,0
2,0
12,10
2,0
0,10
2,0
0,10
0,9
2,0
2,0
2,10
2,0
11,10
2,0
2,0
2,0
9,10
2,0
0,7
2,0
4,0
4,0
4,0
4,0
4,0
4,77
4,0
4,0
4,0
4,0
4,0
4,0
4,0
4,0
2,20
4,0
4,0
4,0
4,2
4,0
4,0
4,0
4,0
4,0
0,23
4,0
4,0
2,0
17,22
2,24
2,25
6,25
2,0
0,23
2,0
2,0
2,0
2,0
2,5
2,0
2,0
0,21
2,0
2,0
2,0
2,0
2,0
2,0
2,31
2,0
2,0
2,0
2,0
1,25
2,0
2,0
2,0
2,0
2,0
2,0
2,0
4,0
4,0
4,0
4,0
4,0
4,0
4,0
4,0
4,0
4,0
4,0
4,24
4,0
4,0
4,0
4,0
4,0
4,0
4,0
4,0
4,0
4,0
3,18
4,0
4,0
4,0
4,26
4,0
4,0
8,0
8,0
8,0
8,0
8,0
8,0
8,0
6,0
6,0
6,0
6,0
6,65
6,0
6,3
3,0
3,0
3,0
3,0
3,0
3,0
3,0
3,0
3,0
3,0
3,0
3,0
3,0
3,0
3,0
3,0
3,0
2,0
2,0
2,0
2,0
2,0
2,0
2,0
2,0
2,0
2,3
2,0
2,0
2,0
2,0
2,0
2,0
2,0
2,0
2,0
2,0
2,0
2,3
2,1
2,0
2,0
2,0
2,0
2,0
7,0
7,0
7,0
7,0
7,5
1,0
1,0
1,0
0,5
1,0
0,5
1,0
0,5
1,0
19,5
1,0
0,5
1,0
1,5
1,0
9,5
1,0
0,5
1,0
1,0
0,5
1,0
1,0
1,0
5,5
1,0
51,5
1,0
0,5
1,0
5,5
1,0
0,5
1,0
0,5
1,0
1,0
1,0
0,5
1,0
0,5
1,0
14,5
1,0
0,5
1,0
4,5
66,5
1,0
9,5
1,0
1,0
0,5
1,0
0,5
11,5
1,0
1,28
1,0
1,0
1,0
15,5
1,0
0,5
11,5
1,0
2,5
1,0
1,2
0,5
1,0
1,0
3,5
1,0
1,24
1,0
0,5
1,0
1,5
1,0
1,0
1,5
1,0
1,0
1,0
0,5
1,0
0,5
1,0
1,0
1,6
1,0
6,5
1,0
0,7
5,0
5,0
5,0
5,0
5,0
5,0
7,5
5,0
5,0
1,0
6,19
1,0
44,24
1,0
1,0
1,0
1,0
14,23
1,0
1,0
0,22
1,0
10,24
1,0
1,0
1,0
1,0
1,0
1,0
0,23
1,0
2,24
1,0
7,13
1,0
3,24
1,0
7,24
1,0
1,0
1,0
1,0
0,22
1,0
1,0
0,24
1,0
1,0
1,0
1,0
0,24
1,0
1,0
1,0
1,0
12,24
1,0
1,0
1,0
1,0
6,20
1,0
4,22
1,0
0,18
1,0
1,0
1,0
1,0
1,0
1,0
1,0
1,0
47,24
1,0
1,24
1,0
1,0
1,0
1,0
1,0
1,0
1,0
2,17
1,0
1,0
1,0
6,0
6,0
6,0
6,0
6,0
6,0
6,0
6,0
6,0
5,0
5,0
5,0
5,0
5,0
5,0
5,0
5,0
5,0
5,0
5,0
5,9
0,27
1,0
0,27
1,0
18,27
1,0
1,0
1,0
4,22
1,0
35,20
1,0
0,27
1,0
0,27
1,0
0,27
1,0
1,0
1,0
1,0
1,0
1,0
3,27
1,0
0,22
1,0
1,0
1,0
1,0
1,0
1,0
1,0
1,0
6,22
1,0
1,0
1,0
6,23
1,0
1,0
5,27
1,84
1,0
20,16
1,0
0,27
1,43
1,0
1,0
1,0
1,0
1,0
1,0
1,0
4,25
1,0
12,24
1,0
1,0
1,0
1,0
1,0
1,0
1,0
1,0
1,0
1,0
1,0
1,0
1,0
1,0
1,7
1,0
4,0
8,8
4,0
4,0
4,0
0,7
3,8
4,0
4,0
4,0
4,8
4,0
4,0
4,0
7,0
7,0
7,0
7,0
7,0
7,0
7,0
7,0
0,243
1,0
1,0
1,0
1,0
1,0
1,0
1,0
1,0
1,0
1,0
1,0
1,0
1,0
1,0
1,0
1,0
1,0
1,0
1,0
1,0
1,0
1,6
1,0
1,0
1,0
1,0
1,0
1,0
1,0
1,0
1,0
1,0
1,9
1,0
1,0
1,0
1,0
1,4
1,0
1,0
1,0
1,0
1,0
1,0
1,0
1,0
1,0
1,0
1,0
1,0
1,0
1,0
1,0
1,0
8,33
8,0
8,0
8,0
8,0
8,0
2,0
2,0
2,0
2,0
0,24
0,19
2,0
2,0
2,0
2,27
2,0
2,0
2,0
2,0
2,0
3,21
2,0
2,0
2,0
2,0
2,0
2,0
2,0
2,0
2,0
2,0
19,20
2,0
2,0
2,0
2,0
6,9
6,0
6,0
6,7
6,0
6,0
3,0
0,7
5,10
3,5
3,0
3,0
0,10
3,0
0,6
3,0
0,10
3,0
10,10
3,0
8,10
3,0
3,0
3,0
3,0
4,9
1,10
3,0
3,10
3,0
3,0
3,0
1,10
3,0
4,0
4,0
11,22
4,0
4,90
4,0
4,0
4,0
4,0
4,0
4,0
4,0
4,0
8,0
8,0
8,0
8,0
8,0
3,0
3,25
3,0
3,0
3,0
3,0
3,0
3,0
3,0
3,0
3,0
3,0
3,0
3,0
3,0
7,0
7,0
7,0
7,3
7,0
5,0
5,0
5,0
5,0
5,3
5,0
5,0
5,0
5,0
5,0
4,0
4,0
24,10
4,0
4,0
4,0
4,0
4,0
4,0
4,0
4,0
4,0
0,10
4,0
0,10
4,0
6,2
6,0
6,0
6,0
6,0
6,0
6,0
6,0
6,0
6,0
6,0
6,0
0,86
1,0
1,0
1,0
1,0
1,0
1,0
1,0
1,0
1,0
1,0
1,0
1,0
1,0
1,0
1,0
1,0
1,0
1,0
1,0
1,0
1,0
1,0
1,0
1,0
1,0
1,0
1,0
1,0
1,0
1,0
1,0
1,0
1,0
1,0
1,0
1,0
1,0
1,0
1,0
1,0
1,0
1,0
1,0
1,0
1,5
1,0
1,0
1,0
1,0
1,0
1,0
1,0
1,0
1,0
1,0
9,0
9,0
9,0
9,0
25,13
9,0
9,0
7,0
12,12
7,0
7,0
7,0
24,12
7,0
7,0
6,0
6,0
6,0
6,32
6,0
6,0
6,0
6,4
7,0
7,0
7,0
7,0
7,0
8,0
8,0
3,34
3,0
3,0
3,0
3,0
3,0
3,0
3,0
3,0
3,0
3,0
3,7
3,0
3,0
3,0
6,2
6,0
6,0
0,7
1,7
6,0
6,0
6,0
8,0
8,0
8,0
8,0
8,0
8,0
8,0
8,25
8,0
8,0
8,0
8,0
5,0
5,0
5,0
5,0
5,0
5,0
7,10
5,0
0,9
5,0
8,0
8,0
8,4
8,0
7,9
7,0
7,0
7,0
7,4
7,0
4,0
4,0
4,0
4,0
4,0
4,0
4,0
4,0
4,0
6,0
6,0
6,0
6,0
6,4
6,0
6,0
6,0
6,0
4,0
4,0
4,0
4,0
4,0
4,0
4,0
4,0
4,0
4,0
4,0
4,0
4,0
5,0
5,0
5,0
5,0
5,31
5,0
5,0
5,28
5,0
5,0
5,0
0,30
1,0
1,0
2,32
1,0
1,0
1,7
1,0
1,0
0,31
1,0
22,32
1,0
1,0
1,0
10,31
1,0
1,0
1,0
1,0
1,0
1,0
1,1
1,0
0,23
1,0
1,30
1,0
1,0
1,0
1,0
1,0
1,0
1,31
3,30
1,0
1,0
1,0
1,0
1,0
18,21
1,0
1,0
1,0
1,0
1,0
1,0
1,0
1,0
1,0
1,0
1,0
1,0
1,0
3,0
3,0
3,0
3,0
3,0
3,35
3,0
3,0
3,0
3,0
3,0
3,0
3,12
3,0
3,0
3,0
7,0
7,0
7,0
7,0
7,0
7,0
7,29
7,0
9,0
9,0
9,0
4,0
4,0
4,0
4,0
4,0
4,0
4,0
4,0
4,0
4,0
6,0
6,0
6,0
6,0
6,0
6,0
6,0
7,0
7,0
7,0
7,0
7,41
3,0
3,0
3,0
3,0
3,0
3,3
3,0
3,0
3,0
3,0
3,0
3,0
3,0
3,0
7,0
7,0
7,0
7,0
11,0
11,0
11,46
11,0
6,0
6,0
6,0
6,0
6,0
6,0
6,0
7,0
7,0
7,0
7,0
10,0
10,0
10,0
5,0
5,0
5,0
5,0
5,0
5,0
5,0
5,0
1,4
1,0
0,4
1,0
1,0
0,4
1,0
0,4
1,0
0,4
1,0
1,0
1,0
1,4
1,0
1,0
2,4
1,0
0,4
1,0
1,0
1,0
3,4
1,0
7,4
1,0
22,4
1,0
1,0
1,0
1,0
0,4
1,0
0,4
0,4
1,0
0,4
1,0
1,0
1,0
0,4
1,0
1,0
1,0
1,0
0,4
1,0
2,4
1,0
1,0
1,0
1,0
0,4
1,0
0,4
1,0
1,0
1,0
0,4
1,0
1,0
4,4
1,0
1,0
1,0
8,0
8,7
8,0
8,0
8,0
8,0
9,0
9,0
9,0
9,0
9,0
32,6
2,0
0,6
2,0
0,6
2,0
2,0
0,6
0,6
2,0
4,6
2,0
0,6
12,6
2,0
15,6
2,0
2,0
2,0
14,6
0,6
2,0
0,6
2,0
2,0
0,6
2,0
2,0
0,6
0,6
0,6
2,0
0,6
2,0
2,0
2,0
2,0
2,0
2,0
9,0
9,33
9,0
9,0
6,0
6,23
6,0
6,0
5,0
5,0
5,0
5,0
5,0
5,0
5,0
5,0
11,0
11,0
11,0
11,0
11,0
6,0
6,30
6,55
6,0
6,0
6,0
11,2
11,0
11,0
6,0
6,0
6,0
6,0
71,30
1,0
0,26
1,0
54,21
1,7
0,30
1,0
1,0
0,26
1,0
2,22
1,0
1,0
1,0
1,0
1,0
1,0
1,0
2,30
1,0
1,0
1,23
1,0
1,0
1,0
1,0
1,0
1,0
1,0
0,30
1,0
1,0
1,0
1,0
1,0
1,0
1,0
1,0
1,0
1,0
1,0
1,0
1,0
1,0
0,30
1,0
1,0
1,0
1,0
1,0
1,0
1,0
18,467
2,0
2,0
2,0
2,0
2,0
2,0
2,0
2,0
2,0
2,0
2,0
2,0
2,0
2,0
2,0
2,0
2,0
2,0
2,0
2,0
2,0
2,0
2,0
2,0
2,0
2,0
2,0
2,0
2,0
2,0
2,0
2,0
2,0
2,0
2,0
2,0
2,0
2,0
2,0
2,0
2,3
2,0
2,0
6,0
6,0
6,0
6,0
6,0
20,10
6,0
6,5
6,0
0,8
6,0
6,0
6,0
0,8
8,0
8,0
8,0
8,0
8,0
2,0
2,0
2,0
2,0
2,0
2,0
2,0
2,0
2,0
2,0
2,0
2,0
2,0
2,0
2,0
2,0
2,0
2,0
2,0
0,7
0,7
2,0
15,7
2,0
2,7
2,0
0,7
2,0
2,0
2,0
2,0
0,7
2,0
33,7
2,0
2,0
2,0
2,0
0,7
2,0
4,7
0,7
2,7
2,0
2,0
1,7
2,0
5,0
5,0
5,0
5,0
5,0
5,0
5,0
5,0
5,25
5,0
5,0
3,0
3,0
3,0
3,0
3,0
3,0
3,0
3,0
7,27
3,0
0,27
0,27
3,0
3,0
3,0
3,0
11,0
11,0
11,0
6,0
6,0
6,0
6,5
11,0
11,0
11,0
10,0
10,0
10,0
10,0
5,0
5,3
5,0
5,0
5,0
5,0
5,0
5,0
0,11
9,2
9,0
9,0
3,0
36,7
3,0
4,7
3,0
1,7
3,0
3,0
3,0
2,7
3,0
3,0
3,0
3,0
3,0
7,7
3,0
0,6
3,0
2,0
2,0
2,0
2,0
2,0
2,0
2,0
2,0
2,0
2,6
2,0
2,0
2,0
2,0
2,0
2,0
2,5
2,0
2,0
2,0
10,0
10,0
10,0
10,0
10,0
2,0
0,21
3,32
2,0
0,37
2,0
0,33
2,0
2,0
1,38
2,0
0,35
2,0
2,0
2,0
2,0
2,0
2,0
2,0
2,0
2,0
2,0
2,0
2,0
2,0
2,0
10,0
10,0
10,0
2,0
2,0
2,17
2,0
2,0
2,0
2,0
2,0
2,0
2,0
2,0
2,0
2,0
2,0
2,0
2,0
2,0
2,0
2,0
2,0
8,0
25,8
8,0
8,0
10,0
4,0
12,0
12,0
15,0
12,11
10,0
10,0
10,0
10,0
8,5
8,0
8,0
8,4
15,0
3,0
3,0
3,0
3,0
3,0
3,0
3,0
3,0
3,0
3,3
3,0
3,0
0,23
1,0
1,0
0,27
1,0
1,0
0,27
1,0
32,28
1,0
1,0
1,0
1,0
0,24
1,0
3,20
1,0
16,21
1,0
1,0
1,5
1,0
1,0
1,0
7,28
1,0
1,0
1,0
1,0
1,0
1,0
1,0
1,0
1,0
1,0
1,0
1,0
1,0
1,0
1,0
1,0
10,25
1,0
1,0
1,0
1,0
1,0
9,0
9,0
9,0
13,0
13,81
3,0
3,0
3,0
3,0
3,0
3,0
9,0
9,0
9,0
8,0
8,0
8,0
8,0
5,0
5,0
5,0
5,0
0,35
1,0
1,0
0,34
1,0
1,0
5,33
1,0
1,0
1,0
1,0
1,0
1,0
1,0
1,0
1,0
1,0
1,0
1,0
1,0
1,0
1,0
1,0
1,0
1,0
1,0
1,0
1,0
1,0
1,0
1,0
1,0
1,0
1,0
1,0
1,0
10,0
10,0
10,0
1,0
1,0
1,0
10,32
1,0
1,0
1,0
0,27
1,0
1,0
1,0
5,26
1,0
1,0
1,0
0,32
1,0
1,0
1,0
1,0
1,0
0,33
1,0
1,0
1,0
1,0
1,0
1,0
1,0
0,33
1,0
1,0
1,0
1,0
1,0
1,0
1,0
1,0
1,0
1,0
1,0
1,0
1,0
1,0
7,0
7,0
7,0
7,0
7,0
7,0
9,0
9,0
9,0
12,0
13,0
11,0
11,0
11,0
7,0
7,5
7,0
7,0
13,0
13,0
7,0
7,0
7,0
7,0
7,0
7,0
1,53
1,0
1,0
1,0
1,0
1,0
1,0
1,0
1,0
1,0
1,0
1,0
1,0
1,0
1,0
1,0
1,0
1,0
1,0
1,6
1,0
1,0
1,0
1,0
1,0
1,0
1,0
1,0
1,0
1,0
1,0
1,0
1,0
1,0
1,0
1,0
1,0
1,0
2,0
2,0
2,0
2,0
0,28
2,0
2,0
2,0
2,0
2,0
2,0
2,0
2,0
2,0
2,0
14,0
14,0
14,0
11,0
11,0
11,0
9,0
9,0
9,0
3,0
3,0
3,0
0,5
3,0
3,6
0,6
3,0
3,0
3,0
0,6
3,0
3,0
3,0
8,0
8,0
8,0
8,0
2,0
2,0
2,0
2,0
2,0
2,0
2,0
2,0
2,0
2,0
2,0
2,0
2,0
2,0
8,0
8,0
11,0
11,0
11,0
7,0
7,0
7,0
7,42
1,0
1,0
1,0
1,0
1,0
1,0
1,0
1,0
1,0
1,0
1,0
1,0
1,0
1,0
1,0
1,0
1,0
1,0
1,0
1,0
1,0
1,0
1,0
1,0
1,0
1,0
1,0
1,0
1,0
1,0
1,0
1,0
1,0
4,0
4,0
4,0
4,0
4,0
4,0
4,0
4,0
0,5
5,5
4,5
2,0
3,5
2,0
0,5
0,5
2,0
3,5
2,31
2,0
2,0
2,3
4,5
2,0
4,5
2,0
2,0
1,5
2,3
2,0
0,5
2,0
9,0
9,32
9,0
6,0
6,0
6,0
6,0
6,0
6,0
15,45
10,0
10,0
8,0
8,0
8,0
8,0
11,0
11,0
11,0
11,0
11,0
11,0
7,0
7,0
7,0
7,0
7,54
9,0
9,0
4,0
4,0
4,0
4,0
4,0
4,0
4,0
4,0
4,0
4,0
4,0
4,0
4,10
4,0
4,0
4,0
4,0
4,0
4,0
4,0
4,0
4,0
4,0
4,0
4,0
9,0
9,0
9,0
11,0
11,0
8,0
10,0
10,7
10,4
10,0
109,228
1,0
1,0
1,0
1,0
1,0
1,0
1,0
1,0
1,0
1,0
1,0
1,0
1,0
1,0
1,0
1,0
1,0
1,0
1,0
1,0
1,0
1,0
1,5
1,0
1,0
1,0
1,0
1,0
1,0
1,0
4,0
4,0
4,0
4,0
4,0
2,0
4,29
2,0
1,35
2,0
0,31
2,0
0,31
2,0
6,25
2,0
2,0
2,0
2,0
2,0
2,0
2,0
2,0
2,0
2,0
18,0
8,1
8,0
10,45
10,0
10,0
10,0
10,0
10,39
12,0
12,0
6,0
6,0
6,0
6,0
2,0
2,0
2,0
2,0
2,0
2,0
2,0
2,0
2,0
2,0
2,0
2,0
14,0
14,0
8,0
8,0
8,0
8,0
11,0
11,0
11,0
10,0
10,0
10,0
14,0
14,0
10,0
10,0
10,0
5,0
5,0
5,0
5,0
5,0
5,7
4,0
4,0
4,0
4,0
4,0
4,0
4,0
4,0
4,0
2,0
2,0
2,0
2,0
2,0
2,51
2,0
2,0
2,0
2,0
2,0
2,0
2,0
2,0
2,0
2,0
2,0
2,0
2,0
2,0
2,0
2,0
2,0
2,0
13,0
13,0
13,0
0,31
2,0
2,0
2,0
2,0
2,0
9,34
0,31
2,0
2,0
9,34
2,0
2,0
2,0
2,0
2,0
2,0
8,26
8,0
6,5
8,0
8,0
7,0
7,0
7,0
12,0
12,0
9,0
9,0
0,7
4,0
4,0
4,41
4,0
4,0
9,0
9,0
15,0
7,0
7,0
7,0
7,0
9,0
9,0
9,0
8,0
15,0
15,0
4,0
15,3
4,43
15,6
4,0
2,6
0,6
10,4
0,5
13,0
0,5
3,0
29,5
3,0
3,0
3,0
0,5
0,5
3,0
3,0
0,5
3,0
13,0
12,0
16,0
16,0
18,0
16,0
10,0
10,0
12,0
12,0
8,0
8,0
0,49
1,0
1,0
1,0
1,0
1,0
1,0
1,0
1,0
1,0
1,0
1,0
1,0
1,0
1,0
1,0
1,0
1,0
1,0
1,0
1,0
1,0
1,0
1,0
1,0
1,0
15,0
8,0
6,0
6,0
6,0
6,0
12,0
12,0
15,0
15,0
137,411
2,0
5,0
5,0
5,0
5,0
5,0
5,0
2,0
5,0
5,0
5,0
5,0
5,0
5,0
5,0
5,0
5,0
5,0
5,0
24,4
24,0
12,0
12,0
12,0
24,0
14,0
2,0
5,40
16,34
2,0
2,0
0,30
1,37
2,0
0,30
2,0
2,0
2,0
2,0
2,0
2,0
2,0
15,0
1,0
0,2
1,0
0,2
1,0
0,2
1,0
0,2
1,0
1,0
0,2
1,0
12,2
1,0
2,2
0,2
1,0
1,0
0,2
1,0
0,2
1,0
0,2
1,0
0,2
1,0
1,0
1,0
0,2
1,0
1,0
0,2
1,0
0,2
1,0
1,0
1,0
9,2
1,0
1,0
1,0
9,0
9,0
11,0
11,0
1,0
1,0
1,0
0,3
1,0
1,0
0,3
1,0
0,3
1,0
1,0
0,3
1,0
0,3
1,0
0,3
1,0
1,0
0,3
1,0
0,3
1,0
1,0
1,0
0,3
1,0
1,0
1,0
1,0
1,0
1,0
1,0
0,3
1,0
1,0
15,3
1,0
0,3
1,0
1,0
2,0
2,0
2,0
2,0
2,0
2,0
2,0
2,0
1,0
0,40
1,0
1,0
1,0
1,0
1,0
1,0
1,0
1,0
7,36
1,0
1,0
1,0
1,0
1,0
1,0
1,0
1,0
1,0
1,0
1,0
1,0
1,0
1,0
1,0
1,0
1,0
1,0
1,0
1,0
1,0
1,0
1,0
1,0
1,0
1,0
1,0
1,0
1,0
1,0
1,0
1,0
1,0
1,0
1,0
1,0
1,0
1,0
1,0
0,48
1,0
1,0
1,0
1,0
1,0
1,0
1,0
1,0
1,0
1,0
1,0
1,0
1,0
1,0
1,0
1,0
1,0
1,0
1,0
1,0
1,0
1,0
1,0
1,0
1,0
1,0
1,0
3,0
3,0
3,0
3,0
3,0
3,0
3,0
3,0
3,0
2,0
2,45
3,0
3,0
3,0
3,0
3,0
3,0
16,0
18,0
24,0
24,0
3,0
3,0
3,0
3,0
3,0
3,0
3,0
3,0
3,0
3,4
3,0
3,0
3,0
3,0
3,0
3,0
3,0
3,0
3,0
13,0
13,0
3,8
3,0
3,0
3,0
3,0
3,0
3,0
0,1
1,0
0,1
1,0
0,1
1,0
1,0
0,1
1,0
1,1
1,0
0,1
1,0
0,1
1,0
0,1
1,0
25,1
1,0
30,1
1,0
0,1
1,0
0,1
1,0
1,0
0,1
1,0
0,1
0,1
0,1
1,0
0,1
1,0
0,1
1,0
0,1
1,0
0,1
1,0
0,1
1,0
1,0
0,1
1,0
0,1
1,0
6,0
6,0
6,0
6,0
1,0
1,0
1,0
1,0
1,0
1,0
1,0
1,0
1,0
1,0
1,0
1,0
1,0
1,0
1,0
1,0
1,0
1,0
1,0
1,0
1,0
1,0
1,0
1,0
1,0
14,0
7,0
7,0
7,0
7,0
15,0
0,6
5,0
5,0
7,0
7,0
7,0
7,0
10,128
20,0
15,35
1,0
0,32
1,0
32,34
1,0
1,0
1,0
1,0
0,29
1,0
1,0
1,0
30,41
1,0
1,0
1,0
1,0
1,0
1,0
1,0
20,26
1,0
1,0
1,0
1,0
1,0
1,0
1,0
10,0
14,0
14,0
3,0
3,0
3,0
3,0
3,0
3,0
13,0
13,0
9,0
9,0
9,0
0,6
29,5
8,0
8,0
0,6
1,0
1,0
1,0
1,0
1,0
1,0
1,0
1,0
1,0
1,0
1,0
1,0
1,0
1,0
1,0
1,0
1,0
1,0
1,0
1,0
1,0
1,0
1,0
7,0
7,0
7,0
9,0
9,0
16,0
24,0
17,0
17,0
18,0
14,0
20,0
15,0
9,45
1,0
1,0
0,44
1,0
5,33
1,0
1,0
1,0
1,0
1,0
1,0
1,0
1,0
1,0
1,0
1,0
1,0
1,0
1,0
1,0
1,0
1,0
1,0
1,0
1,0
1,0
13,0
11,0
16,0
16,0
6,0
6,0
6,0
6,0
6,0
6,0
6,0
6,0
6,0
6,0
6,0
4,0
6,0
6,0
14,0
11,0
5,0
18,0
1,0
1,0
1,0
1,0
1,0
1,0
1,0
1,0
1,0
1,0
1,0
1,0
1,0
1,0
1,0
1,0
1,0
1,0
1,0
1,0
1,0
2,0
2,0
2,0
2,0
2,0
2,0
2,0
2,0
2,0
2,0
2,0
2,0
2,0
2,0
20,0
12,0
12,0
21,0
5,0
5,0
5,0
5,0
5,0
5,0
5,0
5,0
5,0
5,0
18,44
13,0
13,0
4,0
4,0
0,5
4,0
4,0
3,6
7,0
20,0
20,0
14,0
14,0
9,0
9,0
13,0
13,0
1,0
1,0
1,0
1,0
1,0
1,0
1,0
1,0
1,0
1,0
1,0
1,0
1,0
1,0
1,0
1,0
1,0
1,0
1,0
1,0
1,0
1,0
21,0
14,0
15,0
5,0
5,0
8,0
8,0
8,0
8,61
5,0
4,0
8,0
8,2
8,0
8,5
8,0
4,0
8,0
8,0
8,0
8,0
8,0
6,0
6,0
6,0
22,0
19,0
3,0
8,0
4,0
8,0
8,0
6,0
10,0
13,0
0,7
0,7
6,0
0,7
6,0
14,0
14,0
11,0
11,0
11,0
11,0
15,4
15,0
11,0
5,0
0,6
5,0
16,0
15,0
18,0
15,0
16,35
6,0
17,0
14,0
18,0
4,0
4,0
16,0
16,0
12,0
24,0
18,0
17,0
21,37
21,0
7,0
7,0
12,0
12,0
4,0
4,0
4,0
4,0
0,38
1,0
1,0
1,0
1,0
1,0
1,0
1,0
1,0
1,0
1,0
1,0
1,0
1,0
1,0
1,0
1,0
1,0
1,0
1,0
1,0
0,4
2,0
2,0
0,4
2,0
0,4
2,0
2,0
1,4
2,0
0,4
2,0
2,0
0,4
0,4
2,27
0,2
2,0
1,0
1,0
1,0
1,0
1,0
1,0
1,0
1,0
1,0
1,0
1,0
1,0
1,0
1,0
1,0
1,0
1,0
1,0
1,0
3,0
3,0
3,0
3,0
3,0
3,0
6,0
6,0
4,0
4,0
4,0
4,0
1,0
1,0
1,0
1,0
1,0
1,0
1,0
1,0
1,0
1,0
1,0
1,0
1,0
1,0
1,0
1,0
1,0
1,0
1,0
2,0
2,0
2,4
2,0
2,0
2,0
2,0
2,0
2,0
2,0
11,45
0,5
5,0
0,5
24,0
5,0
5,0
5,0
8,0
48,243
3,0
3,0
3,0
3,0
3,0
3,0
3,0
3,0
3,0
3,0
15,0
11,0
7,0
7,0
18,0
4,0
4,0
16,0
16,0
13,0
12,0
15,0
0,48
1,60
1,0
1,0
1,0
1,0
1,0
1,0
1,0
1,0
1,0
1,0
0,46
1,0
1,0
1,0
1,0
1,0
1,0
1,0
1,0
1,0
17,0
1,0
1,0
0,38
1,0
1,0
1,0
1,0
1,0
1,0
11,49
1,0
1,0
1,0
1,0
1,0
1,0
1,0
1,0
1,0
1,0
1,0
2,0
2,0
2,0
2,0
2,0
2,0
2,0
2,0
6,0
6,0
6,0
6,0
4,0
6,0
6,0
6,0
1,0
25,0
20,0
12,0
21,0
12,0
17,0
9,0
11,0
10,0
11,0
5,0
11,0
11,0
10,0
11,0
16,0
11,0
7,0
20,0
21,0
12,0
12,0
2,0
2,0
2,0
2,0
2,0
2,0
2,0
2,0
2,0
2,0
1,0
1,3
1,0
1,0
1,0
1,0
1,0
1,0
1,0
1,0
1,0
1,0
1,0
1,0
1,0
1,0
1,0
1,0
21,0
5,0
5,0
0,41
3,0
0,40
3,0
36,44
3,0
51,160
1,0
1,0
1,0
1,0
1,0
1,0
1,0
1,0
1,0
1,0
1,0
1,0
1,0
1,0
1,0
1,0
1,0
5,0
5,0
3,0
3,0
0,41
1,0
0,35
1,0
1,0
1,0
1,0
1,0
1,0
1,0
1,0
1,0
1,0
1,0
1,0
1,0
1,0
1,0
1,0
1,0
1,0
4,2
4,0
4,0
4,0
4,0
4,0
4,0
4,0
4,0
18,0
13,0
7,0
6,6
25,0
17,0
21,0
20,0
4,0
4,0
4,0
4,0
4,0
4,0
4,0
4,0
4,0
4,0
4,0
4,0
3,0
3,0
3,0
3,0
3,0
3,0
12,0
9,0
9,0
3,0
3,0
3,0
3,0
20,0
3,0
3,0
3,0
3,0
3,0
3,0
2,0
2,0
2,0
2,0
2,0
2,0
2,0
2,0
2,0
2,0
2,0
2,0
2,0
11,0
10,0
11,0
11,0
7,50
14,0
40,0
17,0
33,0
7,0
7,0
7,0
7,0
7,0
7,0
7,0
7,0
7,0
7,0
7,0
7,0
7,0
19,0
22,0
10,0
10,0
0,8
12,0
1,0
1,0
1,0
1,0
1,0
1,0
1,0
1,0
1,0
1,0
1,0
1,0
1,0
1,0
1,0
3,0
0,4
3,0
3,0
3,0
0,4
3,0
5,0
5,0
4,0
4,0
4,0
1,0
1,0
1,0
1,0
1,0
1,0
1,0
1,0
1,0
1,0
1,0
1,0
1,0
1,0
1,0
1,0
1,0
7,0
7,0
7,0
2,0
3,0
7,0
7,0
17,0
18,0
20,0
8,0
2,0
2,0
2,0
2,0
2,0
2,0
2,0
10,0
9,0
5,0
3,0
10,0
9,0
10,0
40,0
14,0
12,0
9,0
14,0
2,0
2,0
2,0
2,0
2,0
2,0
2,0
2,0
2,0
2,0
2,0
2,0
2,0
2,0
2,0
3,0
3,0
3,0
23,0
16,0
13,0
21,0
8,0
16,7
14,0
16,0
4,0
4,0
4,0
4,0
4,0
4,5
1,0
1,0
1,0
1,0
1,0
1,0
1,0
1,0
1,0
1,0
1,0
1,0
1,0
1,0
17,0
3,0
3,0
3,0
3,0
47,78
1,0
45,70
1,0
1,0
1,0
1,0
1,0
1,0
1,0
1,0
1,0
1,0
1,0
1,0
1,0
1,0
33,0
10,0
31,7
0,7
17,0
9,0
9,0
9,0
9,0
9,0
9,0
6,0
13,0
13,0
6,0
6,0
10,36
1,0
0,30
1,0
8,35
1,0
1,0
1,0
1,0
1,0
1,0
1,0
1,0
1,0
1,0
1,0
23,0
0,55
1,0
1,0
1,0
1,0
1,0
1,0
1,0
1,0
1,0
1,0
1,0
1,0
1,0
5,0
7,122
7,0
7,0
7,0
7,0
6,0
6,0
19,0
26,0
1,37
3,0
0,33
3,0
3,0
3,0
6,0
6,0
0,5
8,0
15,0
2,0
0,3
6,3
0,3
2,0
0,3
2,0
0,3
14,3
2,0
2,0
0,3
19,0
3,0
3,0
3,0
3,0
2,0
3,0
3,0
3,0
3,0
5,0
5,0
5,0
4,0
25,0
9,0
9,0
21,123
1,0
1,0
1,0
1,0
1,0
1,0
1,0
1,0
1,0
1,0
1,0
1,0
1,0
1,0
1,0
1,0
1,0
1,0
1,0
1,0
1,0
1,0
1,0
1,0
1,0
1,0
1,0
1,0
1,0
1,0
0,71
1,0
1,0
1,0
1,0
1,0
1,0
1,0
1,0
1,0
1,0
1,0
1,0
1,0
1,0
1,0
1,0
3,0
2,0
3,0
3,0
3,0
0,45
1,0
1,0
1,0
1,0
1,0
1,0
1,0
1,0
1,0
1,0
1,0
1,0
1,0
1,0
1,0
2,0
2,0
2,0
2,0
2,0
2,0
2,0
2,0
22,0
2,0
2,0
2,0
2,0
2,0
2,0
2,0
2,0
2,0
2,0
2,0
9,0
3,0
3,0
26,0
22,6
25,0
8,0
2,0
2,0
2,0
2,0
2,0
2,0
23,0
4,0
5,0
5,0
5,0
1,0
3,29
1,0
1,0
1,0
1,0
1,0
1,0
1,0
1,0
1,0
1,0
1,0
1,0
1,0
2,0
2,0
2,0
2,0
2,0
2,0
2,0
2,0
2,0
2,0
2,0
2,0
2,0
2,0
2,0
2,0
2,0
2,0
22,0
93,0
19,0
19,0
17,0
24,0
28,0
9,0
9,0
7,0
5,0
7,0
4,0
9,0
30,3
30,0
23,0
5,0
3,0
3,0
51,0
19,0
3,0
7,0
19,0
36,0
33,0
10,0
3,0
3,0
20,0
2,0
2,0
2,0
2,0
2,0
5,0
0,4
0,4
9,4
5,0
0,4
25,4
17,0
2,0
2,0
2,0
2,0
2,0
2,0
2,0
2,0
2,0
2,0
2,0
1,0
1,0
1,0
1,0
1,0
1,0
1,0
1,0
1,0
1,0
1,0
1,0
1,0
1,0
7,0
7,0
8,0
7,0
7,0
3,0
3,0
3,0
2,0
2,0
2,0
2,0
2,0
1,0
1,0
1,0
1,0
1,0
1,0
1,0
1,0
1,0
1,0
1,0
1,0
1,0
1,0
31,5
23,0
23,0
12,0
48,0
4,0
4,0
26,0
175,0
16,0
21,43
26,0
40,0
4,0
61,41
4,0
60,0
56,0
9,0
131,0
4,2
4,0
28,0
2,0
2,0
2,0
2,0
30,0
15,0
2,0
2,6
2,0
2,0
2,0
2,0
2,0
0,2
0,2
2,0
2,0
0,2
0,2
2,0
0,2
0,2
2,0
1,0
1,0
1,0
1,0
1,0
1,0
1,0
1,0
1,0
1,0
1,0
2,0
2,0
2,0
2,0
2,0
2,0
2,0
2,0
2,0
2,0
6,0
8,0
6,0
10,0
10,0
8,0
25,0
49,0
19,0
6,0
5,0
6,0
5,0
4,0
4,0
40,0
4,0
4,0
2,0
2,0
2,0
2,0
23,0
10,0
17,0
22,0
11,0
0,3
4,0
0,3
4,0
4,0
5,0
3,0
3,0
3,0
3,5
0,5
171,0
4,0
3,0
10,5
0,2
0,2
0,2
0,2
4,2
0,2
56,0
49,0
49,49
4,0
0,42
4,0
4,0
4,0
14,0
14,0
23,0
31,0
40,0
4,0
14,0
7,0
6,0
16,0
10,0
15,0
12,0
8,0
15,0
15,0
26,0
172,0
5,0
5,0
5,0
5,0
5,0
4,0
6,0
6,0
6,0
6,0
42,0
6,0
2,0
6,0
4,0
4,0
4,0
2,0
2,0
2,0
2,0
2,0
2,0
2,0
2,0
2,0
2,0
2,0
164,0
0,2
0,2
14,0
14,0
14,0
8,0
14,0
4,0
15,0
11,0
9,0
23,0
36,0
7,0
58,0
4,0
4,0
29,0
3,0
44,0
73,0
47,0
135,0
5,0
43,0
32,0
26,0
13,0
11,0
13,0
13,0
3,0
3,0
3,0
2,0
2,0
2,0
31,0
36,0
1,30
3,0
3,0
47,0
19,0
0,4
7,0
17,0
2,0
2,0
2,0
22,0
27,0
2,0
2,0
13,0
12,0
12,0
12,0
6,0
19,0
29,0
42,0
144,0
22,0
30,0
47,0
28,0
0,5
36,0
1,0
1,0
1,0
1,0
1,0
1,0
1,0
1,0
1,0
1,0
32,0
13,0
29,0
6,0
6,0
7,0
5,0
4,0
5,0
3,0
3,0
3,0
6,0
6,0
6,0
45,0
58,99
2,0
2,0
2,0
2,0
2,0
2,0
2,0
19,0
2,0
2,0
2,0
4,0
4,0
8,0
5,0
5,0
3,0
3,0
3,0
3,0
5,0
5,0
2,0
2,0
2,0
2,0
2,0
2,0
2,0
2,0
2,0
2,0
2,0
2,0
2,0
2,0
2,0
2,0
4,0
4,0
30,0
5,0
5,0
5,0
5,0
5,0
23,0
27,0
19,0
1,0
1,0
1,0
1,0
1,0
1,0
1,0
1,0
1,0
94,152
3,0
3,0
3,0
3,0
3,0
5,0
23,0
8,0
3,0
3,0
3,0
20,0
21,0
8,0
56,0
3,0
3,0
3,0
6,0
5,0
31,0
2,0
2,0
2,0
2,0
2,0
2,0
2,0
2,0
4,0
14,0
31,0
2,0
2,0
53,0
95,0
112,0
14,0
4,0
40,0
51,0
73,0
45,0
12,0
5,0
7,0
17,0
57,0
40,38
2,0
6,0
6,0
5,0
2,0
2,0
2,0
1,0
1,0
1,0
1,0
1,0
1,0
1,0
32,0
1,0
1,0
1,0
1,0
1,0
1,0
1,0
38,0
58,0
42,0
42,0
27,0
0,7
0,3
3,0
0,3
0,3
0,3
10,0
65,0
37,0
8,0
26,0
10,0
17,0
4,0
16,0
0,3
26,0
44,0
53,0
4,0
4,0
13,0
4,0
4,0
36,0
12,0
4,0
4,0
1,0
1,0
1,0
1,0
1,0
1,0
1,0
1,0
4,0
4,0
1,0
1,0
1,0
1,0
1,0
1,0
1,0
4,0
4,0
5,0
3,0
2,0
4,0
4,0
2,0
5,0
8,0
9,0
29,0
12,0
40,0
0,4
5,0
5,0
22,0
106,0
9,0
7,0
4,0
87,0
35,0
0,2
0,2
0,2
20,0
57,0
3,0
32,0
33,0
4,0
5,0
25,0
26,0
26,0
6,0
27,0
5,0
3,0
3,0
3,0
3,0
1,0
1,0
1,0
1,0
1,0
1,0
1,0
0,1
2,0
0,1
0,1
2,0
0,1
2,0
5,0
1,0
1,0
1,0
1,0
1,0
1,0
1,0
1,0
1,0
1,0
6,0
18,0
13,0
12,0
0,5
73,0
6,0
34,0
6,0
72,0
12,0
6,0
19,0
26,0
7,0
90,0
12,0
12,0
60,0
3,0
28,0
44,0
53,0
8,0
0,3
0,3
72,0
45,0
1,0
1,0
1,0
1,0
1,0
1,0
1,0
1,0
1,0
1,0
1,0
1,0
3,0
1,0
5,0
2,0
3,0
3,0
2,0
2,0
22,0
1,0
1,0
1,0
1,0
1,0
43,0
2,0
21,0
0,3
0,3
7,0
7,0
13,0
9,0
2,0
5,0
4,0
5,0
4,0
49,0
3,0
0,1
0,1
0,1
0,1
6,0
21,0
58,0
23,0
93,0
2,0
1,0
1,0
1,0
1,0
3,0
10,0
0,2
0,2
1,0
4,0
9,0
62,0
10,0
13,0
60,0
66,81
1,0
1,0
1,0
1,0
1,0
1,0
1,0
15,0
73,0
38,0
0,3
0,1
0,1
0,1
5,0
0,1
0,4
0,4
0,3
15,0
5,0
4,0
9,0
21,0
1,0
1,0
5,0
2,0
1,0
4,0
0,1
0,1
0,1
5,0
4,0
1,0
3,0
1,0
1,0
0,3
1,0
1,0
0,2
18,0
4,0
0,2
0,2
0,2
0,2
0,1
0,1
0,1
0,1
4,0
1,0
0,3
0,1
0,1
0,1
0,1
0,1
0,1
0,2
0,2
0,1
0,1
0,1
0,1
0,2
0,1
0,1
0,1
